t k_1 k_5 k_10
0	0	0	0
0.100000000000000	0.00161111111111111	0.00731481481481482	0.0127777777777778
0.200000000000000	0.00624112037037037	0.0263637179926840	0.0434000925925926
0.300000000000000	0.0136027293040123	0.0535365941132188	0.0827275673919753
0.400000000000000	0.0234359806763583	0.0863340176490402	0.126301709403830
0.500000000000000	0.0355056565153249	0.123025537564807	0.171947517237502
0.600000000000000	0.0495989237591720	0.162413094245254	0.218603952714583
0.700000000000000	0.0655232039592019	0.203667223687984	0.265753406043709
0.800000000000000	0.0831042457157512	0.246213655195189	0.313143369914989
0.900000000000000	0.102184380554024	0.289654798475538	0.360650662845751
1	0.122620944782411	0.333715386063074	0.408215192802697
1.10000000000000	0.144284851537285	0.378204839416347	0.455807644888916
1.20000000000000	0.167059298721542	0.422991213482087	0.503413718320532
1.30000000000000	0.190838599904320	0.467983157487268	0.551026436698477
1.40000000000000	0.215527126480092	0.513117425682806	0.598642396702740
1.50000000000000	0.241038350498959	0.558350230538011	0.646259938080376
1.60000000000000	0.267293978587586	0.603651256215511	0.693878250904654
1.70000000000000	0.294223168292000	0.648999513863429	0.741496940066321
1.80000000000000	0.321761818998434	0.694380472070422	0.789115812817909
1.90000000000000	0.349851930334861	0.739784070166336	0.836734775130781
2	0.378441021631327	0.785203342751766	0.884353781134633
2.10000000000000	0.407481606628301	0.830633467405527	0.931972808452401
2.20000000000000	0.436930718175285	0.876071105374917	0.979591846167807
2.30000000000000	0.466749478162271	0.921513945109539	1.02721088895553
2.40000000000000	0.496902708379384	0.966960386231733	1.07482993421769
2.50000000000000	0.527358578409723	1.01240932073682	1.12244898068698
2.60000000000000	0.558088287031065	1.05785998150939	1.17006802774513
2.70000000000000	0.589065773937497	1.10331183744513	1.21768707509055
2.80000000000000	0.620267458895557	1.14876452083956	1.26530612257612
2.90000000000000	0.651672005723996	1.19421777711632	1.31292517013005
3	0.683260108734818	1.23967143002216	1.36054421771733
3.10000000000000	0.715014299497999	1.28512535752997	1.40816326532088
3.20000000000000	0.746918771995773	1.33057947515558	1.45578231293237
3.30000000000000	0.778959224416397	1.37603372440725	1.50340136054773
3.40000000000000	0.811122716003881	1.42148806478885	1.55102040816498
3.50000000000000	0.843397537530845	1.46694246826328	1.59863945578315
3.60000000000000	0.875773094098049	1.51239691541939	1.64625850340177
3.70000000000000	0.908239799087495	1.55785139281805	1.69387755102061
3.80000000000000	0.940788978207669	1.60330589115481	1.74149659863955
3.90000000000000	0.973412782670461	1.64876040398786	1.78911564625855
4	1.00610411063077	1.69421492685725	1.83673469387757
4.10000000000000	1.03885653610241	1.73966945667520	1.88435374149661
4.20000000000000	1.07166424463888	1.78512399130391	1.93197278911565
4.30000000000000	1.10452197513519	1.83057852926330	1.97959183673470
4.40000000000000	1.13742496716816	1.87603306952866	2.02721088435374
4.50000000000000	1.17036891334821	1.92148761139052	2.07482993197279
4.60000000000000	1.20334991620569	1.96694215435772	2.12244897959184
4.70000000000000	1.23636444918011	2.01239669809017	2.17006802721088
4.80000000000000	1.26940932132203	2.05785124235244	2.21768707482993
4.90000000000000	1.30248164535399	2.10330578698153	2.26530612244898
5	1.33557880877114	2.14876033186457	2.31292517006803
5.10000000000000	1.36869844769197	2.19421487692345	2.36054421768708
5.20000000000000	1.40183842319773	2.23966942210406	2.40816326530612
5.30000000000000	1.43499679992341	2.28512396736894	2.45578231292517
5.40000000000000	1.46817182668626	2.33057851269218	2.50340136054422
5.50000000000000	1.50136191895773	2.37603305805582	2.55102040816327
5.60000000000000	1.53456564300358	2.42148760344742	2.59863945578231
5.70000000000000	1.56778170153330	2.46694214885839	2.64625850340136
5.80000000000000	1.60100892071516	2.51239669428277	2.69387755102041
5.90000000000000	1.63424623842710	2.55785123971643	2.74149659863946
6	1.66749269362567	2.60330578515651	2.78911564625850
6.10000000000000	1.70074741672674	2.64876033060104	2.83673469387755
6.20000000000000	1.73400962090158	2.69421487604866	2.88435374149660
6.30000000000000	1.76727859420134	2.73966942149840	2.93197278911565
6.40000000000000	1.80055369243095	2.78512396694963	2.97959183673469
6.50000000000000	1.83383433270127	2.83057851240187	3.02721088435374
6.60000000000000	1.86711998759476	2.87603305785482	3.07482993197279
6.70000000000000	1.90041017988643	2.92148760330827	3.12244897959184
6.80000000000000	1.93370447776724	2.96694214876205	3.17006802721088
6.90000000000000	1.96700249052195	3.01239669421607	3.21768707482993
7	2.00030386461839	3.05785123967025	3.26530612244898
7.10000000000000	2.03360828016887	3.10330578512454	3.31292517006803
7.20000000000000	2.06691544772836	3.14876033057891	3.36054421768708
7.30000000000000	2.10022510539732	3.19421487603333	3.40816326530612
7.40000000000000	2.13353701620034	3.23966942148779	3.45578231292517
7.50000000000000	2.16685096571416	3.28512396694228	3.50340136054422
7.60000000000000	2.20016675992148	3.33057851239679	3.55102040816327
7.70000000000000	2.23348422326895	3.37603305785130	3.59863945578231
7.80000000000000	2.26680319691008	3.42148760330583	3.64625850340136
7.90000000000000	2.30012353711525	3.46694214876036	3.69387755102041
8	2.33344511383311	3.51239669421490	3.74149659863946
8.10000000000000	2.36676780938888	3.55785123966944	3.78911564625850
8.20000000000000	2.40009151730648	3.60330578512398	3.83673469387755
8.30000000000000	2.43341614124282	3.64876033057852	3.88435374149660
8.40000000000000	2.46674159402343	3.69421487603306	3.93197278911565
8.50000000000000	2.50006779676998	3.73966942148761	3.97959183673469
8.60000000000000	2.53339467811070	3.78512396694215	4.02721088435374
8.70000000000000	2.56672217346606	3.83057851239670	4.07482993197279
8.80000000000000	2.60005022440232	3.87603305785124	4.12244897959184
8.90000000000000	2.63337877804669	3.92148760330579	4.17006802721089
9	2.66670778655814	3.96694214876033	4.21768707482993
9.10000000000000	2.70003720664847	4.01239669421488	4.26530612244898
9.20000000000000	2.73336699914909	4.05785123966942	4.31292517006803
9.30000000000000	2.76669712861896	4.10330578512397	4.36054421768708
9.40000000000000	2.80002756298983	4.14876033057851	4.40816326530612
9.50000000000000	2.83335827324530	4.19421487603306	4.45578231292517
9.60000000000000	2.86668923313034	4.23966942148760	4.50340136054422
9.70000000000000	2.90002041888855	4.28512396694215	4.55102040816327
9.80000000000000	2.93335180902432	4.33057851239670	4.59863945578231
9.90000000000000	2.96668338408773	4.37603305785124	4.64625850340136
10	3.00001512647983	4.42148760330579	4.69387755102041
10.1000000000000	3.03334702027650	4.46694214876033	4.74149659863946
10.2000000000000	3.06667905106907	4.51239669421488	4.78911564625850
10.3000000000000	3.10001120582011	4.55785123966942	4.83673469387755
10.4000000000000	3.13334347273290	4.60330578512397	4.88435374149660
10.5000000000000	3.16667584113337	4.64876033057851	4.93197278911565
10.6000000000000	3.20000830136329	4.69421487603306	4.97959183673469
10.7000000000000	3.23334084468355	4.73966942148760	5.02721088435374
10.8000000000000	3.26667346318672	4.78512396694215	5.07482993197279
10.9000000000000	3.30000614971790	4.83057851239670	5.12244897959184
11	3.33333889780308	4.87603305785124	5.17006802721088
11.1000000000000	3.36667170158437	4.92148760330579	5.21768707482993
11.2000000000000	3.40000455576137	4.96694214876033	5.26530612244898
11.3000000000000	3.43333745553808	5.01239669421488	5.31292517006803
11.4000000000000	3.46667039657493	5.05785123966942	5.36054421768708
11.5000000000000	3.50000337494533	5.10330578512397	5.40816326530612
11.6000000000000	3.53333638709636	5.14876033057851	5.45578231292517
11.7000000000000	3.56666942981325	5.19421487603306	5.50340136054422
11.8000000000000	3.60000250018713	5.23966942148760	5.55102040816327
11.9000000000000	3.63333559558599	5.28512396694215	5.59863945578231
12	3.66666871362828	5.33057851239670	5.64625850340136
12.1000000000000	3.70000185215910	5.37603305785124	5.69387755102041
12.2000000000000	3.73333500922862	5.42148760330579	5.74149659863946
12.3000000000000	3.76666818307259	5.46694214876033	5.78911564625850
12.4000000000000	3.80000137209463	5.51239669421488	5.83673469387755
12.5000000000000	3.83333457485029	5.55785123966942	5.88435374149660
12.6000000000000	3.86666779003259	5.60330578512397	5.93197278911565
12.7000000000000	3.90000101645893	5.64876033057851	5.97959183673469
12.8000000000000	3.93333425305926	5.69421487603306	6.02721088435374
12.9000000000000	3.96666749886534	5.73966942148761	6.07482993197279
13	4.00000075300110	5.78512396694215	6.12244897959184
13.1000000000000	4.03333401467383	5.83057851239670	6.17006802721088
13.2000000000000	4.06666728316626	5.87603305785124	6.21768707482993
13.3000000000000	4.10000055782938	5.92148760330579	6.26530612244898
13.4000000000000	4.13333383807595	5.96694214876033	6.31292517006803
13.5000000000000	4.16666712337461	6.01239669421488	6.36054421768708
13.6000000000000	4.20000041324457	6.05785123966942	6.40816326530612
13.7000000000000	4.23333370725080	6.10330578512397	6.45578231292517
13.8000000000000	4.26666700499965	6.14876033057851	6.50340136054422
13.9000000000000	4.30000030613496	6.19421487603306	6.55102040816327
14	4.33333361033445	6.23966942148761	6.59863945578231
14.1000000000000	4.36666691730651	6.28512396694215	6.64625850340136
14.2000000000000	4.40000022678729	6.33057851239670	6.69387755102041
14.3000000000000	4.43333353853803	6.37603305785124	6.74149659863946
14.4000000000000	4.46666685234272	6.42148760330579	6.78911564625850
14.5000000000000	4.50000016800588	6.46694214876033	6.83673469387755
14.6000000000000	4.53333348535065	6.51239669421488	6.88435374149660
14.7000000000000	4.56666680421701	6.55785123966942	6.93197278911565
14.8000000000000	4.60000012446013	6.60330578512397	6.97959183673469
14.9000000000000	4.63333344594901	6.64876033057851	7.02721088435374
15	4.66666676856509	6.69421487603306	7.07482993197279
15.1000000000000	4.70000009220109	6.73966942148761	7.12244897959184
15.2000000000000	4.73333341675995	6.78512396694215	7.17006802721089
15.3000000000000	4.76666674215385	6.83057851239670	7.21768707482993
15.4000000000000	4.80000006830332	6.87603305785124	7.26530612244898
15.5000000000000	4.83333339513645	6.92148760330579	7.31292517006803
15.6000000000000	4.86666672258819	6.96694214876033	7.36054421768708
15.7000000000000	4.90000005059966	7.01239669421488	7.40816326530612
15.8000000000000	4.93333337911759	7.05785123966942	7.45578231292517
15.9000000000000	4.96666670809379	7.10330578512397	7.50340136054422
16	5.00000003748464	7.14876033057851	7.55102040816327
16.1000000000000	5.03333336725069	7.19421487603306	7.59863945578231
16.2000000000000	5.06666669735622	7.23966942148761	7.64625850340136
16.3000000000000	5.10000002776893	7.28512396694215	7.69387755102041
16.4000000000000	5.13333335845959	7.33057851239670	7.74149659863946
16.5000000000000	5.16666668940174	7.37603305785124	7.78911564625850
16.6000000000000	5.20000002057145	7.42148760330579	7.83673469387755
16.7000000000000	5.23333335194707	7.46694214876033	7.88435374149660
16.8000000000000	5.26666668350899	7.51239669421488	7.93197278911565
16.9000000000000	5.30000001523950	7.55785123966942	7.97959183673469
17	5.33333334712254	7.60330578512397	8.02721088435374
17.1000000000000	5.36666667914360	7.64876033057851	8.07482993197279
17.2000000000000	5.40000001128955	7.69421487603306	8.12244897959184
17.3000000000000	5.43333334354849	7.73966942148760	8.17006802721089
17.4000000000000	5.46666667590968	7.78512396694215	8.21768707482993
17.5000000000000	5.50000000836339	7.83057851239670	8.26530612244898
17.6000000000000	5.53333334090081	7.87603305785124	8.31292517006803
17.7000000000000	5.56666667351397	7.92148760330579	8.36054421768708
17.8000000000000	5.60000000619567	7.96694214876033	8.40816326530612
17.9000000000000	5.63333333893938	8.01239669421488	8.45578231292517
18	5.66666667173920	8.05785123966942	8.50340136054422
18.1000000000000	5.70000000458980	8.10330578512397	8.55102040816326
18.2000000000000	5.73333333748634	8.14876033057851	8.59863945578231
18.3000000000000	5.76666667042444	8.19421487603306	8.64625850340136
18.4000000000000	5.80000000340016	8.23966942148761	8.69387755102041
18.5000000000000	5.83333333640991	8.28512396694215	8.74149659863946
18.6000000000000	5.86666666945046	8.33057851239670	8.78911564625850
18.7000000000000	5.90000000251887	8.37603305785124	8.83673469387755
18.8000000000000	5.93333333561249	8.42148760330579	8.88435374149660
18.9000000000000	5.96666666872892	8.46694214876033	8.93197278911565
19	6.00000000186600	8.51239669421488	8.97959183673470
19.1000000000000	6.03333333502175	8.55785123966942	9.02721088435374
19.2000000000000	6.06666666819440	8.60330578512397	9.07482993197279
19.3000000000000	6.10000000138235	8.64876033057851	9.12244897959184
19.4000000000000	6.13333333458413	8.69421487603306	9.17006802721089
19.5000000000000	6.16666666779843	8.73966942148761	9.21768707482993
19.6000000000000	6.20000000102405	8.78512396694215	9.26530612244898
19.7000000000000	6.23333333425993	8.83057851239670	9.31292517006803
19.8000000000000	6.26666666750508	8.87603305785124	9.36054421768708
19.9000000000000	6.30000000075863	8.92148760330579	9.40816326530612
20	6.33333333401976	8.96694214876033	9.45578231292517
20.1000000000000	6.36666666728777	9.01239669421488	9.50340136054422
20.2000000000000	6.40000000056200	9.05785123966942	9.55102040816326
20.3000000000000	6.43333333384185	9.10330578512397	9.59863945578231
20.4000000000000	6.46666666712679	9.14876033057851	9.64625850340136
20.5000000000000	6.50000000041633	9.19421487603306	9.69387755102041
20.6000000000000	6.53333333371005	9.23966942148761	9.74149659863946
20.7000000000000	6.56666666700753	9.28512396694215	9.78911564625850
20.8000000000000	6.60000000030842	9.33057851239670	9.83673469387755
20.9000000000000	6.63333333361241	9.37603305785124	9.88435374149660
21	6.66666666691918	9.42148760330579	9.93197278911565
21.1000000000000	6.70000000022848	9.46694214876033	9.97959183673470
21.2000000000000	6.73333333354007	9.51239669421488	10.0272108843537
21.3000000000000	6.76666666685373	9.55785123966942	10.0748299319728
21.4000000000000	6.80000000016926	9.60330578512397	10.1224489795918
21.5000000000000	6.83333333348649	9.64876033057852	10.1700680272109
21.6000000000000	6.86666666680525	9.69421487603306	10.2176870748299
21.7000000000000	6.90000000012539	9.73966942148761	10.2653061224490
21.8000000000000	6.93333333344679	9.78512396694215	10.3129251700680
21.9000000000000	6.96666666676933	9.83057851239670	10.3605442176871
22	7.00000000009289	9.87603305785124	10.4081632653061
22.1000000000000	7.03333333341739	9.92148760330579	10.4557823129252
22.2000000000000	7.06666666674272	9.96694214876033	10.5034013605442
22.3000000000000	7.10000000006882	10.0123966942149	10.5510204081633
22.4000000000000	7.13333333339560	10.0578512396694	10.5986394557823
22.5000000000000	7.16666666672301	10.1033057851240	10.6462585034014
22.6000000000000	7.20000000005098	10.1487603305785	10.6938775510204
22.7000000000000	7.23333333337946	10.1942148760331	10.7414965986395
22.8000000000000	7.26666666670841	10.2396694214876	10.7891156462585
22.9000000000000	7.30000000003777	10.2851239669422	10.8367346938776
23	7.33333333336751	10.3305785123967	10.8843537414966
23.1000000000000	7.36666666669759	10.3760330578512	10.9319727891156
23.2000000000000	7.40000000002798	10.4214876033058	10.9795918367347
23.3000000000000	7.43333333335865	10.4669421487603	11.0272108843537
23.4000000000000	7.46666666668957	10.5123966942149	11.0748299319728
23.5000000000000	7.50000000002073	10.5578512396694	11.1224489795918
23.6000000000000	7.53333333335209	10.6033057851240	11.1700680272109
23.7000000000000	7.56666666668364	10.6487603305785	11.2176870748299
23.8000000000000	7.60000000001535	10.6942148760331	11.2653061224490
23.9000000000000	7.63333333334723	10.7396694214876	11.3129251700680
24	7.66666666667924	10.7851239669421	11.3605442176871
24.1000000000000	7.70000000001137	10.8305785123967	11.4081632653061
24.2000000000000	7.73333333334363	10.8760330578512	11.4557823129252
24.3000000000000	7.76666666667598	10.9214876033058	11.5034013605442
24.4000000000000	7.80000000000843	10.9669421487603	11.5510204081633
24.5000000000000	7.83333333334096	11.0123966942149	11.5986394557823
24.6000000000000	7.86666666667357	11.0578512396694	11.6462585034014
24.7000000000000	7.90000000000624	11.1033057851240	11.6938775510204
24.8000000000000	7.93333333333898	11.1487603305785	11.7414965986395
24.9000000000000	7.96666666667178	11.1942148760331	11.7891156462585
25	8.00000000000463	11.2396694214876	11.8367346938776
25.1000000000000	8.03333333333752	11.2851239669421	11.8843537414966
25.2000000000000	8.06666666667045	11.3305785123967	11.9319727891156
25.3000000000000	8.10000000000343	11.3760330578512	11.9795918367347
25.4000000000000	8.13333333333643	11.4214876033058	12.0272108843537
25.5000000000000	8.16666666666947	11.4669421487603	12.0748299319728
25.6000000000000	8.20000000000254	11.5123966942149	12.1224489795918
25.7000000000000	8.23333333333563	11.5578512396694	12.1700680272109
25.8000000000000	8.26666666666874	11.6033057851240	12.2176870748299
25.9000000000000	8.30000000000188	11.6487603305785	12.2653061224490
26	8.33333333333504	11.6942148760331	12.3129251700680
26.1000000000000	8.36666666666821	11.7396694214876	12.3605442176871
26.2000000000000	8.40000000000140	11.7851239669421	12.4081632653061
26.3000000000000	8.43333333333460	11.8305785123967	12.4557823129252
26.4000000000000	8.46666666666781	11.8760330578512	12.5034013605442
26.5000000000000	8.50000000000103	11.9214876033058	12.5510204081633
26.6000000000000	8.53333333333427	11.9669421487603	12.5986394557823
26.7000000000000	8.56666666666751	12.0123966942149	12.6462585034014
26.8000000000000	8.60000000000077	12.0578512396694	12.6938775510204
26.9000000000000	8.63333333333403	12.1033057851240	12.7414965986395
27	8.66666666666729	12.1487603305785	12.7891156462585
27.1000000000000	8.70000000000057	12.1942148760331	12.8367346938775
27.2000000000000	8.73333333333385	12.2396694214876	12.8843537414966
27.3000000000000	8.76666666666713	12.2851239669421	12.9319727891156
27.4000000000000	8.80000000000042	12.3305785123967	12.9795918367347
27.5000000000000	8.83333333333371	12.3760330578512	13.0272108843537
27.6000000000000	8.86666666666701	12.4214876033058	13.0748299319728
27.7000000000000	8.90000000000031	12.4669421487603	13.1224489795918
27.8000000000000	8.93333333333362	12.5123966942149	13.1700680272109
27.9000000000000	8.96666666666692	12.5578512396694	13.2176870748299
28	9.00000000000023	12.6033057851240	13.2653061224490
28.1000000000000	9.03333333333354	12.6487603305785	13.3129251700680
28.2000000000000	9.06666666666686	12.6942148760331	13.3605442176871
28.3000000000000	9.10000000000017	12.7396694214876	13.4081632653061
28.4000000000000	9.13333333333349	12.7851239669421	13.4557823129252
28.5000000000000	9.16666666666681	12.8305785123967	13.5034013605442
28.6000000000000	9.20000000000013	12.8760330578512	13.5510204081633
28.7000000000000	9.23333333333345	12.9214876033058	13.5986394557823
28.8000000000000	9.26666666666677	12.9669421487603	13.6462585034014
28.9000000000000	9.30000000000009	13.0123966942149	13.6938775510204
29	9.33333333333342	13.0578512396694	13.7414965986395
29.1000000000000	9.36666666666674	13.1033057851240	13.7891156462585
29.2000000000000	9.40000000000007	13.1487603305785	13.8367346938776
29.3000000000000	9.43333333333340	13.1942148760331	13.8843537414966
29.4000000000000	9.46666666666672	13.2396694214876	13.9319727891156
29.5000000000000	9.50000000000005	13.2851239669421	13.9795918367347
29.6000000000000	9.53333333333338	13.3305785123967	14.0272108843537
29.7000000000000	9.56666666666671	13.3760330578512	14.0748299319728
29.8000000000000	9.60000000000004	13.4214876033058	14.1224489795918
29.9000000000000	9.63333333333337	13.4669421487603	14.1700680272109
30	9.66666666666670	13.5123966942149	14.2176870748299