t k_1 k_5 k_10
0	0	0	0
0.100000000000000	1.38888888888889e-06	6.94444444444445e-06	3.47222222222222e-06
0.200000000000000	2.19818329903978e-05	0.000109695173182442	5.47138417352538e-05
0.300000000000000	0.000110269931919412	0.000547829342540464	0.000271725256288871
0.400000000000000	0.000345475681724663	0.00170553167804128	0.000839280282164915
0.500000000000000	0.000836026256150105	0.00409428214259353	0.00199466684019744
0.600000000000000	0.00171788546630197	0.00833195151080612	0.00401047670846009
0.700000000000000	0.00315275996278715	0.0151191062813258	0.00717566414833036
0.800000000000000	0.00532619555818222	0.0252133892388718	0.0117761656368744
0.900000000000000	0.00844557974715077	0.0394028764055377	0.0180763587190034
1	0.0127380665890913	0.0584793149725546	0.0263025409266202
1.10000000000000	0.0184484400969632	0.0832121209582635	0.0366294388731228
1.20000000000000	0.0258369321496125	0.114323961616623	0.0491705266030076
1.30000000000000	0.0351770107177705	0.152468668695639	0.0639726581145171
1.40000000000000	0.0467531538707299	0.198212127925145	0.0810152209815425
1.50000000000000	0.0608586246167701	0.252016671607331	0.100213716396296
1.60000000000000	0.0777932611314019	0.314229369349821	0.121427385518999
1.70000000000000	0.0978612963494910	0.385074471567630	0.144470250827543
1.80000000000000	0.121369220246668	0.464650116259048	0.169124739449923
1.90000000000000	0.148623697418801	0.552929266564462	0.195156914745248
2	0.179929551792540	0.649764709383890	0.222332269827360
2.10000000000000	0.215587829472074	0.754897818155037	0.250431034771144
2.20000000000000	0.255893949854388	0.867970669605696	0.279262015691948
2.30000000000000	0.301135954234698	0.988541008139069	0.308674112143952
2.40000000000000	0.351592860182535	1.11609947506809	0.338564838933580
2.50000000000000	0.407533129004343	1.25008846503607	0.368885396073773
2.60000000000000	0.469213252627564	1.38992193973089	0.399642070767109
2.70000000000000	0.536876465250888	1.53500551972771	0.430894001596617
2.80000000000000	0.610751584112541	1.68475618852917	0.462747571262915
2.90000000000000	0.691051982739700	1.83862097743982	0.495347905174793
3	0.777974699063678	1.99609405398170	0.528868126058802
3.10000000000000	0.871699679823630	2.15673170772226	0.563497139495757
3.20000000000000	0.972389161741721	2.32016481275553	0.599426795380780
3.30000000000000	1.08018718904065	2.48610844239527	0.636839282980830
3.40000000000000	1.19521926599503	2.65436841539620	0.675895573606161
3.50000000000000	1.31759214236616	2.82484466058013	0.716725629633094
3.60000000000000	1.44739372876937	2.99753139446633	0.759420959637738
3.70000000000000	1.58469313826870	3.17251421086395	0.804029927232491
3.80000000000000	1.72954084978746	3.34996427907687	0.850556028163832
3.90000000000000	1.88196898827028	3.53012993542464	0.898959149607013
4	2.04199171593259	3.71332602863475	0.949159630711765
4.10000000000000	2.20960572839169	3.89992144123365	1.00104476682765
4.20000000000000	2.38479084898954	4.09032525481288	1.05447725237799
4.30000000000000	2.56751071419321	4.28497205599715	1.10930494770389
4.40000000000000	2.75771354259564	4.48430689169922	1.16537128926013
4.50000000000000	2.95533297973636	4.68877037699265	1.22252564316195
4.60000000000000	3.16028901072030	4.89878443739857	1.28063292897747
4.70000000000000	3.37248893243141	5.11473913080655	1.33958191054622
4.80000000000000	3.59182837701627	5.33698094432151	1.39929165750008
4.90000000000000	3.81819237825002	5.56580290012011	1.45971581687182
5	4.05145647239051	5.80143673428281	1.52084448889770
5.10000000000000	4.29148782517638	6.04404733612630	1.58270366413572
5.20000000000000	4.53814637672640	6.29372955550253	1.64535233942851
5.30000000000000	4.79128599625093	6.55050740459065	1.70887757766832
5.40000000000000	5.05075563868680	6.81433560156197	1.77338790158993
5.50000000000000	5.31640049561325	7.08510332867356	1.83900550749296
5.60000000000000	5.58806313309454	7.36264000914735	1.90585784562253
5.70000000000000	5.86558460942149	7.64672284763025	1.97406913710471
5.80000000000000	6.14880556608663	7.93708582976972	2.04375238257967
5.90000000000000	6.43756728572127	8.23342983875032	2.11500236721921
6	6.73171271114509	8.53543352137145	2.18789008512926
6.10000000000000	7.03108742012554	8.84276452382266	2.26245889958243
6.20000000000000	7.33554055091147	9.15509071771393	2.33872263187223
6.30000000000000	7.64492567408996	9.47209104971029	2.41666563945689
6.40000000000000	7.95910160681305	9.79346567247676	2.49624481236103
6.50000000000000	8.27793316594820	10.1189450493853	2.57739329410023
6.60000000000000	8.60129185721959	10.4482977690921	2.66002562738757
6.70000000000000	8.92905649792292	10.7813368569416	2.74404394192989
6.80000000000000	9.26111377131116	11.1179244262958	2.82934474636920
6.90000000000000	9.59735871125839	11.4579745723094	2.91582586155403
7	9.93769511631190	11.8014544713312	3.00339303845287
7.10000000000000	10.2820358927342	12.1483837089789	3.09196583971796
7.20000000000000	10.6303033266156	12.4988319170789	3.18148242586740
7.30000000000000	10.9824292855987	12.8529148523101	3.27190297036569
7.40000000000000	11.3383553512023	13.2107890959633	3.36321152640844
7.50000000000000	11.6980328831516	13.5726455934041	3.45541627502934
7.60000000000000	12.0614230175228	13.9387022825723	3.54854819200711
7.70000000000000	12.4284966008849	14.3091960824311	3.64265827289198
7.80000000000000	12.7992340629674	14.6843745242999	3.73781354485446
7.90000000000000	13.1736252307059	15.0644873113748	3.83409216556958
8	13.5516690868031	15.4497780847108	3.93157795891844
8.10000000000000	13.9333734762101	15.8404766580434	4.03035476241045
8.20000000000000	14.3187547641557	16.2367919598762	4.13050096107804
8.30000000000000	14.7078374495553	16.6389058903024	4.23208455801697
8.40000000000000	15.1006537377949	17.0469682633073	4.33515908515281
8.50000000000000	15.4972430770215	17.4610929642026	4.43976059297463
8.60000000000000	15.8976516621756	17.8813554078576	4.54590587972174
8.70000000000000	16.3019319110733	18.3077913380569	4.65359203438591
8.80000000000000	16.7101419168869	18.7403969631460	4.76279727977442
8.90000000000000	17.1223448813871	19.1791303796035	4.87348301757993
9	17.5386085332900	19.6239141946678	4.98559690229015
9.10000000000000	17.9590045360105	20.0746392228697	5.09907670943667
9.20000000000000	18.3836078890484	20.5311691003323	5.21385471966938
9.30000000000000	18.8124963271402	20.9933456358313	5.32986231574603
9.40000000000000	19.2457497211871	21.4609946994732	5.44703448568627
9.50000000000000	19.6834494848251	21.9339324388222	5.56531394162434
9.60000000000000	20.1256779903438	22.4119716085120	5.68465459857655
9.70000000000000	20.5725179974712	22.8949278026990	5.80502420754698
9.80000000000000	21.0240520983498	23.3826253898184	5.92640599934082
9.90000000000000	21.4803621818065	23.8749029654257	6.04879926471055
10	21.9415289197971	24.3716181607150	6.17221886826972
10.1000000000000	22.4076312786623	24.8726516707074	6.29669376320544
10.2000000000000	22.8787460575845	25.3779103960843	6.42226463674010
10.3000000000000	23.3549474563787	25.8873296250945	6.54898086865491
10.4000000000000	23.8363066744879	26.4008742157682	6.67689702392903
10.5000000000000	24.3228915427863	26.9185387726528	6.80606912359311
10.6000000000000	24.8147661895297	27.4403468453461	6.93655094426457
10.7000000000000	25.3119907415208	27.9663492071828	7.06839058665975
10.8000000000000	25.8146210612937	28.4966213005787	7.20162752787782
10.9000000000000	26.3227085208591	29.0312599599388	7.33629033359309
11	26.8362998122935	29.5703795430016	7.47239515743217
11.1000000000000	27.3554367952063	30.1141076165301	7.60994509927473
11.2000000000000	27.8801563808748	30.6625803520308	7.74893043584248
11.3000000000000	28.4104904526045	31.2159377915437	7.88932967963038
11.4000000000000	28.9464658216480	31.7743191425321	8.03111136968868
11.5000000000000	29.4881042178073	32.3378582547226	8.17423645325034
11.6000000000000	30.0354223136418	32.9066794207728	8.31866108335340
11.7000000000000	30.5884317810230	33.4808936273959	8.46433963628301
11.8000000000000	31.1471393786044	34.0605953646805	8.61122774482963
11.9000000000000	31.7115470686196	34.6458600795608	8.75928514909073
12	32.2816521612818	35.2367423355030	8.90847818501020
12.1000000000000	32.8574474849334	35.8332747153545	9.05878176042661
12.2000000000000	33.4389215799870	36.4354674787896	9.21018070679211
12.3000000000000	34.0260589146059	37.0433089607450	9.36267043913292
12.4000000000000	34.6188401199987	37.6567666734616	9.51625690415527
12.5000000000000	35.2172422431428	38.2757890529792	9.67095584347537
12.6000000000000	35.8212390147097	38.9003077718079	9.82679144270661
12.7000000000000	36.4308011299371	39.5302405235631	9.98379447483141
12.8000000000000	37.0458965401837	40.1654941730243	10.1420000756598
12.9000000000000	37.6664907529050	40.8059681566303	10.3014453085953
13	38.2925471378095	41.4515580140192	10.4621666844528
13.1000000000000	38.9240272369848	42.1021589308621	10.6241977995101
13.2000000000000	39.5608910768330	42.7576691768057	10.7875672418573
13.3000000000000	40.2030974797103	43.4179933295886	10.9522968936432
13.4000000000000	40.8506043732394	44.0830451869660	11.1184007267793
13.5000000000000	41.5033690953440	44.7527502815167	11.2858841542564
13.6000000000000	42.1613486931462	45.4270479291785	11.4547439609481
13.7000000000000	42.8245002139699	46.1058927598755	11.6249687992043
13.8000000000000	43.4927809868017	46.7892556972261	11.7965401982044
13.9000000000000	44.1661488926784	47.4771243734163	11.9694340042387
14	44.8445626225911	48.1695029842438	12.1436221437365
14.1000000000000	45.5279819216267	48.8664116074740	12.3190745834065
14.2000000000000	46.2163678181969	49.5678850244334	12.4957613531665
14.3000000000000	46.9096828373422	50.2739710996900	12.6736544979001
14.4000000000000	47.6078911972347	50.9847287863168	12.8527298331584
14.5000000000000	48.3109589881439	51.7002258342507	13.0329683968438
14.6000000000000	49.0188543332661	52.4205362864202	13.2143575123131
14.7000000000000	49.7315475309601	53.1457378514678	13.3968914064733
14.8000000000000	50.4490111780647	53.8759092430082	13.5805713573234
14.9000000000000	51.1712202741118	54.6111275734994	13.7654053769210
15	51.8981523063778	55.3514658861242	13.9514074658416
15.1000000000000	52.6297873158443	56.0969909008264	14.1385965019368
15.2000000000000	53.3661079442619	56.8477610411432	14.3269948479603
15.3000000000000	54.1070994626277	57.6038247971033	14.5166267781528
15.4000000000000	54.8527497815008	58.3652194666606	14.7075168323628
15.5000000000000	55.6030494436815	59.1319703043605	14.8996882074065
15.6000000000000	56.3579915998819	59.9040900916828	15.0931612893041
15.7000000000000	57.1175719681053	60.6815791292442	15.2879524174123
15.8000000000000	57.8817887775327	61.4644256372473	15.4840729533374
15.9000000000000	58.6506426977946	62.2526065376663	15.6815287052260
16	59.4241367545688	63.0460885800524	15.8803197331875
16.1000000000000	60.2022762325068	63.8448297628594	16.0804405359006
16.2000000000000	60.9850685665395	64.6487809941149	16.2818805936026
16.3000000000000	61.7725232226561	65.4578879292817	16.4846252202506
16.4000000000000	62.5646515692827	66.2720929204080	16.6886566590507
16.5000000000000	63.3614667404106	67.0913370091891	16.8939553418673
16.6000000000000	64.1629834916431	67.9155618973481	17.1005012249756
16.7000000000000	64.9692180503354	68.7447118306688	17.3082751115446
16.8000000000000	65.7801879610035	69.5787353379328	17.5172598750726
16.9000000000000	66.5959119271705	70.4175867726848	17.7274415072992
17	67.4164096508029	71.2612276139097	17.9388099280941
17.1000000000000	68.2417016704687	72.1096274910263	18.1513595124131
17.2000000000000	69.0718091993199	72.9627649087566	18.3650893093450
17.3000000000000	69.9067539639655	73.8206276580382	18.5800029491760
17.4000000000000	70.7465580452635	74.6832129098696	18.7961082548696
17.5000000000000	71.5912437220110	75.5505269994431	19.0134165930907
17.6000000000000	72.4408333184621	76.4225849178022	19.2319420157131
17.7000000000000	73.2953490565474	77.2994095372564	19.4517002547268
17.8000000000000	74.1548129136093	78.1810306046245	19.6727076409256
17.9000000000000	75.0192464864038	79.0674835428508	19.8949800193994
18	75.8886708620563	79.9588081064652	20.1185317326376
18.1000000000000	76.7631064965871	80.8550469396461	20.3433747352987
18.2000000000000	77.6425731015551	81.7562440872218	20.5695178939927
18.3000000000000	78.5270895392972	82.6624435088339	20.7969665115926
18.4000000000000	79.4166737271671	83.5736876447268	21.0257220996469
18.5000000000000	80.3113425511056	84.4900160783526	21.2557824055032
18.6000000000000	81.2111117888046	85.4114643363254	21.4871416839357
18.7000000000000	82.1159960426514	86.3380628604389	21.7197911874606
18.8000000000000	83.0260086825743	87.2698361796964	21.9537198361279
18.9000000000000	83.9411617988377	88.2068023028422	22.1889150171733
19	84.8614661647706	89.1489723440052	22.4253634580940
19.1000000000000	85.7869312093472	90.0963503860287	22.6630521137965
19.2000000000000	86.7175649994758	91.0489335781402	22.9019690095130
19.3000000000000	87.6533742317940	92.0067124570663	23.1421039860000
19.4000000000000	88.5943642337123	92.9696714737493	23.3834493016770
19.5000000000000	89.5405389733957	93.9377897016896	23.6260000571903
19.6000000000000	90.4919010783258	94.9110416977877	23.8697544206098
19.7000000000000	91.4484518620388	95.8893984825331	24.1147136451858
19.8000000000000	92.4101913585984	96.8728286035746	24.3608818853838
19.9000000000000	93.3771183643213	97.8612992451639	24.6082658298762
20	94.3492304862467	98.8547773456977	24.8568741814867
20.1000000000000	95.3265241968097	99.8532306865603	25.1067170230616
20.2000000000000	96.3089948941567	100.856628917616	25.3578051143924
20.3000000000000	97.2966369675239	101.864944487914	25.6101491683104
20.4000000000000	98.2894438670826	102.878153454291	25.8637591538367
20.5000000000000	99.2874081776492	103.896236145462	26.1186436709228
20.6000000000000	100.290521695648	104.919177664632	26.3748094351687
20.7000000000000	101.298775508720	105.946968219516	26.6322609024700
20.8000000000000	102.312160077359	106.979603274640	26.8910000534223
20.9000000000000	103.330665317990	108.017083526802	27.1510263462463
21	104.354280686885	109.059414710293	27.4123368357153
21.1000000000000	105.382995264339	110.106607243856	27.6749264448290
21.2000000000000	106.416797838555	111.158675736114	27.9387883664608
21.3000000000000	107.455676988695	112.215638370292	28.2039145644847
21.4000000000000	108.499621166566	113.277516192315	28.4702963384136
21.5000000000000	109.548618776480	114.344332328726	28.7379249126357
21.6000000000000	110.602658252791	115.416111162305	29.0067920110161
21.7000000000000	111.661728134699	116.492877493711	29.2768903798906
21.8000000000000	112.725817137921	117.574655717035	29.5482142270663
21.9000000000000	113.794914222842	118.661469035735	29.8207595509919
22	114.869008658839	119.753338743271	30.0945243422801
22.1000000000000	115.948090084469	120.850283589826	30.3695086486740
22.2000000000000	117.032148563260	121.952319252976	30.6457145037484
22.3000000000000	118.121174634893	123.059457926204	30.9231457285118
22.4000000000000	119.215159361582	124.171708034840	31.2018076230552
22.5000000000000	120.314094369514	125.289074084505	31.4817065719956
22.6000000000000	121.417971885229	126.411556642678	31.7628495922928
22.7000000000000	122.526784766877	127.539152449602	32.0452438548304
22.8000000000000	123.640526530309	128.671854650656	32.3288962118193
22.9000000000000	124.759191370005	129.809653138595	32.6138127606415
23	125.882774174867	130.952534990872	32.8999984713605
23.1000000000000	127.011270538943	132.100484984617	33.1874569000722
23.2000000000000	128.144676767183	133.253486169873	33.4761900039382
23.3000000000000	129.282989876341	134.411520480455	33.7661980665903
23.4000000000000	130.426207591188	135.574569361215	34.0574797351106
23.5000000000000	131.574328336208	136.742614390666	34.3500321624776
23.6000000000000	132.727351222981	137.915637878780	34.6438512426977
23.7000000000000	133.885276033478	139.093623421212	34.9389319202185
23.8000000000000	135.048103199510	140.276556393287	35.2352685509915
23.9000000000000	136.215833778591	141.464424369566	35.5328552899339
24	137.388469426494	142.657217457731	35.8316864786521
24.1000000000000	138.566012366787	143.854928538689	36.1317570081447
24.2000000000000	139.748465357644	145.057553408127	36.4330626336648
24.3000000000000	140.935831656245	146.265090818133	36.7356002228031
24.4000000000000	142.128114981071	147.477542420804	37.0393679228308
24.5000000000000	143.325319472410	148.694912618910	37.3443652390690
24.6000000000000	144.527449651399	149.917208331550	37.6505930221242
24.7000000000000	145.734510377908	151.144438685252	37.9580533678436
24.8000000000000	146.946506807591	152.376614643073	38.2667494394046
24.9000000000000	148.163444348399	153.613748585850	38.5766852257190
25	149.385328616874	154.855853860873	38.8878652540119
25.1000000000000	150.612165394501	156.102944313805	39.2002942768339
25.2000000000000	151.843960584418	157.355033819690	39.5139769547570
25.3000000000000	153.080720168743	158.612135828427	39.8289175555851
25.4000000000000	154.322450166781	159.874262939071	40.1451196891398
25.5000000000000	155.569156594365	161.141426515954	40.4625860937332
25.6000000000000	156.820845424546	162.413636357780	40.7813184865356
25.7000000000000	158.077522549854	163.690900428774	41.1013174854738
25.8000000000000	159.339193746325	164.973224658646	41.4225826053818
25.9000000000000	160.605864639472	166.260612815631	41.7451123261941
26	161.877540672352	167.553066454359	42.0689042263465
26.1000000000000	163.154227075885	168.850584937803	42.3939551705275
26.2000000000000	164.435928841526	170.153165530150	42.7202615377377
26.3000000000000	165.722650696413	171.460803555222	43.0478194734539
26.4000000000000	167.014397081050	172.773492613122	43.3766251486591
26.5000000000000	168.311172129612	174.091224846107	43.7066750086235
26.6000000000000	169.612979652895	175.413991243373	44.0379659955584
26.7000000000000	170.919823123945	176.741781973518	44.3704957314915
26.8000000000000	172.231705666373	178.074586732895	44.7042626507627
26.9000000000000	173.548630045348	179.412395097958	45.0392660751691
27	174.870598661221	180.755196869943	45.3755062287639
27.1000000000000	176.197613545762	182.102982400863	45.7129841933435
27.2000000000000	177.529676360931	183.455742890797	46.0517018094903
27.3000000000000	178.866788400107	184.813470647669	46.3916615314285
27.4000000000000	180.208950591702	186.176159302280	46.7328662466846
27.5000000000000	181.556163505040	187.543803973031	47.0753190734777
27.6000000000000	182.908427358403	188.916401376592	47.4190231497855
27.7000000000000	184.265742029105	190.293949882695	47.7639814281138
27.8000000000000	185.628107065479	191.676449513089	48.1101964891602
27.9000000000000	186.995521700622	193.063901886518	48.4576703858941
28	188.367984867756	194.456310113314	48.8064045272078
28.1000000000000	189.745495217050	195.853678644685	49.1563996074157
28.2000000000000	191.128051133745	197.256013083133	49.5076555846741
28.3000000000000	192.515650757425	198.663319961468	49.8601717081105
28.4000000000000	193.908292002256	200.075606498668	50.2139465902770
28.5000000000000	195.305972578053	201.492880341347	50.5689783187024
28.6000000000000	196.708690011982	202.915149299728	50.9252645979756
28.7000000000000	198.116441670753	204.342421086959	51.2828029120840
28.8000000000000	199.529224783141	205.774703070164	51.6415906957533
28.9000000000000	200.947036462662	207.212002040995	52.0016255033189
29	202.369873730273	208.654324012528	52.3629051642030
29.1000000000000	203.797733536923	210.101674048302	52.7254279153036
29.2000000000000	205.230612785834	211.554056128002	53.0891925024309
29.3000000000000	206.668508354353	213.011473052999	53.4541982452043
29.4000000000000	208.111417115268	214.473926393506	53.8204450623884
29.5000000000000	209.559335957448	215.941416477724	54.1879334573302
29.6000000000000	211.012261805701	217.413942421938	54.5566644657676
29.7000000000000	212.470191639753	218.891502199244	54.9266395706591
29.8000000000000	213.933122512232	220.374092743389	55.2978605906813
29.9000000000000	215.401051565597	221.861710083166	55.6703295505355
30	216.873976047915	223.354349501983	56.0440485421212