t y
0	1
0.0100000000000000	0.999950000000000
0.0200000000000000	0.999620392900000
0.0300000000000000	0.998760806939099
0.0400000000000000	0.997150353014003
0.0500000000000000	0.994594888391230
0.0600000000000000	0.990924598048895
0.0700000000000000	0.985991855073278
0.0800000000000000	0.979669326015417
0.0900000000000000	0.971848291076623
0.100000000000000	0.962437152499111
0.110000000000000	0.951360107641888
0.120000000000000	0.938555965969426
0.130000000000000	0.923977091613008
0.140000000000000	0.907588455318335
0.150000000000000	0.889366781500546
0.160000000000000	0.869299777817654
0.170000000000000	0.847385436170776
0.180000000000000	0.823631395366803
0.190000000000000	0.798054356855871
0.200000000000000	0.770679545999704
0.210000000000000	0.741540212252794
0.220000000000000	0.710677162460188
0.230000000000000	0.678138322205250
0.240000000000000	0.643978320788772
0.250000000000000	0.608258095996553
0.260000000000000	0.571044515324362
0.270000000000000	0.532410010784219
0.280000000000000	0.492432224820705
0.290000000000000	0.451193665226212
0.300000000000000	0.408781367264580
0.310000000000000	0.365286561498014
0.320000000000000	0.320804346066313
0.330000000000000	0.275433362393796
0.340000000000000	0.229275473500842
0.350000000000000	0.182435444276446
0.360000000000000	0.135020623227942
0.370000000000000	0.0871406253661199
0.380000000000000	0.0389070160102890
0.390000000000000	-0.00956700459001791
0.400000000000000	-0.0581669158206130
0.410000000000000	-0.106777190371450
0.420000000000000	-0.155281606847018
0.430000000000000	-0.203563561088453
0.440000000000000	-0.251506375917741
0.450000000000000	-0.298993608962322
0.460000000000000	-0.345909358173408
0.470000000000000	-0.392138564612687
0.480000000000000	-0.437567312049406
0.490000000000000	-0.482083122882457
0.500000000000000	-0.525575249879792
0.510000000000000	-0.567934963209695
0.520000000000000	-0.609055832224995
0.530000000000000	-0.648834001451711
0.540000000000000	-0.687168460227785
0.550000000000000	-0.723961305435110
0.560000000000000	-0.759117996768801
0.570000000000000	-0.792547603991430
0.580000000000000	-0.824163045626504
0.590000000000000	-0.853881318554628
0.600000000000000	-0.881623717987487
0.610000000000000	-0.907316047308745
0.620000000000000	-0.930888817287090
0.630000000000000	-0.952277434184887
0.640000000000000	-0.971422376305974
0.650000000000000	-0.988269358548047
0.660000000000000	-1.00276948454866
0.670000000000000	-1.01487938603895
0.680000000000000	-1.02456134904591
0.690000000000000	-1.03178342661168
0.700000000000000	-1.03651953772782
0.710000000000000	-1.03874955221253
0.720000000000000	-1.03845936129020
0.730000000000000	-1.03564093366493
0.740000000000000	-1.03029235691258
0.750000000000000	-1.02241786404980
0.760000000000000	-1.01202784517280
0.770000000000000	-0.999138844093608
0.780000000000000	-0.983773539936638
0.790000000000000	-0.965960713694461
0.800000000000000	-0.945735199777094
0.810000000000000	-0.923137822625409
0.820000000000000	-0.898215318495149
0.830000000000000	-0.871020242554050
0.840000000000000	-0.841610861470323
0.850000000000000	-0.810051031706294
0.860000000000000	-0.776410063766188
0.870000000000000	-0.740762572681782
0.880000000000000	-0.703188315053835
0.890000000000000	-0.663772013000815
0.900000000000000	-0.622603165399300
0.910000000000000	-0.579775846832495
0.920000000000000	-0.535388494694532
0.930000000000000	-0.489543684928411
0.940000000000000	-0.442347896904691
0.950000000000000	-0.393911267976047
0.960000000000000	-0.344347338269770
0.970000000000000	-0.293772786305834
0.980000000000000	-0.242307156052521
0.990000000000000	-0.190072576054423
1	-0.137193471289145
1.01000000000000	-0.0837962684289020
1.02000000000000	-0.0300090952016011
1.03000000000000	0.0240385254372841
1.04000000000000	0.0782159855956728
1.05000000000000	0.132391906458931
1.06000000000000	0.186434455275677
1.07000000000000	0.240211664554175
1.08000000000000	0.293591752700136
1.09000000000000	0.346443445320592
1.10000000000000	0.398636296414189
1.11000000000000	0.450041008665841
1.12000000000000	0.500529752063119
1.13000000000000	0.549976480053171
1.14000000000000	0.598257242462187
1.15000000000000	0.645250494404645
1.16000000000000	0.690837400416619
1.17000000000000	0.734902133056394
1.18000000000000	0.777332165226497
1.19000000000000	0.818018555483877
1.20000000000000	0.856856225619548
1.21000000000000	0.893744229805264
1.22000000000000	0.928586014622909
1.23000000000000	0.961289669312065
1.24000000000000	0.991768165592721
1.25000000000000	1.01993958644323
1.26000000000000	1.04572734323830
1.27000000000000	1.06906038067809
1.28000000000000	1.08987336896722
1.29000000000000	1.10810688273157
1.30000000000000	1.12370756619139
1.31000000000000	1.13662828414072
1.32000000000000	1.14682825831654
1.33000000000000	1.15427318877463
1.34000000000000	1.15893535992472
1.35000000000000	1.16079373091346
1.36000000000000	1.15983401008057
1.37000000000000	1.15604871325169
1.38000000000000	1.14943720566967
1.39000000000000	1.14000572740524
1.40000000000000	1.12776740212767
1.41000000000000	1.11274222915616
1.42000000000000	1.09495705875290
1.43000000000000	1.07444555065972
1.44000000000000	1.05124811592065
1.45000000000000	1.02541184207378
1.46000000000000	0.996990401836594
1.47000000000000	0.966043945449251
1.48000000000000	0.932638976881070
1.49000000000000	0.896848214145026
1.50000000000000	0.858750434004879
1.51000000000000	0.818430301398401
1.52000000000000	0.775978183938508
1.53000000000000	0.731489951891682
1.54000000000000	0.685066764069792
1.55000000000000	0.636814840107217
1.56000000000000	0.586845219629956
1.57000000000000	0.535273508857061
1.58000000000000	0.482219615207202
1.59000000000000	0.427807470514349
1.60000000000000	0.372164743486381
1.61000000000000	0.315422542068825
1.62000000000000	0.257715106402767
1.63000000000000	0.199179493091322
1.64000000000000	0.139955251512624
1.65000000000000	0.0801840929392683
1.66000000000000	0.0200095532442714
1.67000000000000	-0.0404233500080582
1.68000000000000	-0.100968465271505
1.69000000000000	-0.161478858698223
1.70000000000000	-0.221807168948006
1.71000000000000	-0.281805964274071
1.72000000000000	-0.341328101024426
1.73000000000000	-0.400227082691366
1.74000000000000	-0.458357418637367
1.75000000000000	-0.515574981623339
1.76000000000000	-0.571737363265098
1.77000000000000	-0.626704226545898
1.78000000000000	-0.680337654517002
1.79000000000000	-0.732502494324498
1.80000000000000	-0.783066695708977
1.81000000000000	-0.831901643135113
1.82000000000000	-0.878882480720797
1.83000000000000	-0.923888429150071
1.84000000000000	-0.966803093770788
1.85000000000000	-1.00751476309659
1.86000000000000	-1.04591669695340
1.87000000000000	-1.08190740353324
1.88000000000000	-1.11539090464252
1.89000000000000	-1.14627698845826
1.90000000000000	-1.17448144913365
1.91000000000000	-1.19992631262418
1.92000000000000	-1.22254004813667
1.93000000000000	-1.24225776463675
1.94000000000000	-1.25902139188445
1.95000000000000	-1.27277984550350
1.96000000000000	-1.28348917562710
1.97000000000000	-1.29111269870114
1.98000000000000	-1.29562111206549
1.99000000000000	-1.29699259097469
2	-1.29521286776043
2.01000000000000	-1.29027529288140
2.02000000000000	-1.28218087764847
2.03000000000000	-1.27093831845758
2.04000000000000	-1.25656400240695
2.05000000000000	-1.23908199421994
2.06000000000000	-1.21852400444040
2.07000000000000	-1.19492933891251
2.08000000000000	-1.16834482960295
2.09000000000000	-1.13882474686859
2.10000000000000	-1.10643069331868
2.11000000000000	-1.07123147946551
2.12000000000000	-1.03330298140277
2.13000000000000	-0.992727980795328
2.14000000000000	-0.949595987507990
2.15000000000000	-0.904003045244526
2.16000000000000	-0.856051520610590
2.17000000000000	-0.805849876056082
2.18000000000000	-0.753512427193296
2.19000000000000	-0.699159085026911
2.20000000000000	-0.642915083670493
2.21000000000000	-0.584910694161492
2.22000000000000	-0.525280925022655
2.23000000000000	-0.464165210252320
2.24000000000000	-0.401707085458986
2.25000000000000	-0.338053852886922
2.26000000000000	-0.273356236109202
2.27000000000000	-0.207768025192392
2.28000000000000	-0.141445713163120
2.29000000000000	-0.0745481246308127
2.30000000000000	-0.00723603744292492
2.31000000000000	0.0603282017309655
2.32000000000000	0.127981066971965
2.33000000000000	0.195558246911587
2.34000000000000	0.262895041814882
2.35000000000000	0.329826762992194
2.36000000000000	0.396189133575760
2.37000000000000	0.461818689690708
2.38000000000000	0.526553181045638
2.39000000000000	0.590231969966020
2.40000000000000	0.652696427894001
2.41000000000000	0.713790328380998
2.42000000000000	0.773360235604569
2.43000000000000	0.831255887448606
2.44000000000000	0.887330572195737
2.45000000000000	0.941441497893080
2.46000000000000	0.993450153467040
2.47000000000000	1.04322266067969
2.48000000000000	1.09063011603840
2.49000000000000	1.13554892179180
2.50000000000000	1.17786110516846
2.51000000000000	1.21745462504079
2.52000000000000	1.25422366522385
2.53000000000000	1.28806891364902
2.54000000000000	1.31889782668389
2.55000000000000	1.34662487790345
2.56000000000000	1.37117179065318
2.57000000000000	1.39246775378147
2.58000000000000	1.41044961995792
2.59000000000000	1.42506208603427
2.60000000000000	1.43625785494646
2.61000000000000	1.44399777869954
2.62000000000000	1.44825098202168
2.63000000000000	1.44899496631890
2.64000000000000	1.44621569360904
2.65000000000000	1.43990765016093
2.66000000000000	1.43007388961317
2.67000000000000	1.41672605539611
2.68000000000000	1.39988438233036
2.69000000000000	1.37957767732542
2.70000000000000	1.35584327915248
2.71000000000000	1.32872699731644
2.72000000000000	1.29828303010304
2.73000000000000	1.26457386192796
2.74000000000000	1.22767014016550
2.75000000000000	1.18765053168515
2.76000000000000	1.14460155937437
2.77000000000000	1.09861741897557
2.78000000000000	1.04979977661459
2.79000000000000	0.998257547445825
2.80000000000000	0.944106655887002
2.81000000000000	0.887469777962821
2.82000000000000	0.828476066322063
2.83000000000000	0.767260858536930
2.84000000000000	0.703965369336164
2.85000000000000	0.638736367464832
2.86000000000000	0.571725837903546
2.87000000000000	0.503090630217982
2.88000000000000	0.432992093846092
2.89000000000000	0.361595701164910
2.90000000000000	0.289070659211595
2.91000000000000	0.215589510963961
2.92000000000000	0.141327727114334
2.93000000000000	0.0664632892969391
2.94000000000000	-0.00882373424681857
2.95000000000000	-0.0843516195589927
2.96000000000000	-0.159937423386014
2.97000000000000	-0.235397424087207
2.98000000000000	-0.310547565973678
2.99000000000000	-0.385203906008312
3	-0.459183061788156
3.01000000000000	-0.532302659723564
3.02000000000000	-0.604381782324244
3.03000000000000	-0.675241413500712
3.04000000000000	-0.744704880790666
3.05000000000000	-0.812598293423513
3.06000000000000	-0.878750975142593
3.07000000000000	-0.942995890713642
3.08000000000000	-1.00517006505967
3.09000000000000	-1.06511499397667
3.10000000000000	-1.12267704540148
3.11000000000000	-1.17770785022232
3.12000000000000	-1.23006468164482
3.13000000000000	-1.27961082215039
3.14000000000000	-1.32621591711077
3.15000000000000	-1.36975631415196
3.16000000000000	-1.41011538739189
3.17000000000000	-1.44718384571039
3.18000000000000	-1.48086002424544
3.19000000000000	-1.51105015834822
3.20000000000000	-1.53766863926899
3.21000000000000	-1.56063825088819
3.22000000000000	-1.57989038685045
3.23000000000000	-1.59536524750510
3.24000000000000	-1.60701201610345
3.25000000000000	-1.61478901375180
3.26000000000000	-1.61866383266931
3.27000000000000	-1.61861344735056
3.28000000000000	-1.61462430328566
3.29000000000000	-1.60669238294353
3.30000000000000	-1.59482324877879
3.31000000000000	-1.57903206307741
3.32000000000000	-1.55934358451219
3.33000000000000	-1.53579214133526
3.34000000000000	-1.50842158119153
3.35000000000000	-1.47728519759355
3.36000000000000	-1.44244563315554
3.37000000000000	-1.40397475974106
3.38000000000000	-1.36195353573537
3.39000000000000	-1.31647184071022
3.40000000000000	-1.26762828780459
3.41000000000000	-1.21553001420015
3.42000000000000	-1.16029245012511
3.43000000000000	-1.10203906687364
3.44000000000000	-1.04090110438082
3.45000000000000	-0.977017278944989
3.46000000000000	-0.910533471739291
3.47000000000000	-0.841602398803534
3.48000000000000	-0.770383263254857
3.49000000000000	-0.697041390501483
3.50000000000000	-0.621747847287983
3.51000000000000	-0.544679045442703
3.52000000000000	-0.466016331238241
3.53000000000000	-0.385945561314066
3.54000000000000	-0.304656666146353
3.55000000000000	-0.222343202083872
3.56000000000000	-0.139201893000111
3.57000000000000	-0.0554321626407525
3.58000000000000	0.0287643412279600
3.59000000000000	0.113184229740666
3.60000000000000	0.197622861773662
3.61000000000000	0.281874837536133
3.62000000000000	0.365734495727351
3.63000000000000	0.448996413062509
3.64000000000000	0.531455904959956
3.65000000000000	0.612909526175553
3.66000000000000	0.693155570165770
3.67000000000000	0.771994565959982
3.68000000000000	0.849229771324255
3.69000000000000	0.924667661003669
3.70000000000000	0.998118408838000
3.71000000000000	1.06939636255626
3.72000000000000	1.13832051006927
3.73000000000000	1.20471493609606
3.74000000000000	1.26840926797913
3.75000000000000	1.32923910956642
3.76000000000000	1.38704646206224
3.77000000000000	1.44168013077800
3.78000000000000	1.49299611674378
3.79000000000000	1.54085799217497
3.80000000000000	1.58513725882422
3.81000000000000	1.62571368828710
3.82000000000000	1.66247564337035
3.83000000000000	1.69532037967498
3.84000000000000	1.72415432659126
3.85000000000000	1.74889334695015
3.86000000000000	1.76946297462509
3.87000000000000	1.78579862942901
3.88000000000000	1.79784580870466
3.89000000000000	1.80556025506075
3.90000000000000	1.80890809976275
3.91000000000000	1.80786598134447
3.92000000000000	1.80242113906555
3.93000000000000	1.79257148089980
3.94000000000000	1.77832562580014
3.95000000000000	1.75970292004779
3.96000000000000	1.73673342755540
3.97000000000000	1.70945789405729
3.98000000000000	1.67792768518263
3.99000000000000	1.64220469847142
4	1.60236124945653
4.01000000000000	1.55847993199862
4.02000000000000	1.51065345312408
4.03000000000000	1.45898444267905
4.04000000000000	1.40358523817491
4.05000000000000	1.34457764526236
4.06000000000000	1.28209267433199
4.07000000000000	1.21627025379912
4.08000000000000	1.14725892068927
4.09000000000000	1.07521548919816
4.10000000000000	1.00030469795585
4.11000000000000	0.922698836779340
4.12000000000000	0.842577353750118
4.13000000000000	0.760126443504453
4.14000000000000	0.675538617672618
4.15000000000000	0.589012258450171
4.16000000000000	0.500751156328791
4.17000000000000	0.410964033056331
4.18000000000000	0.319864050935393
4.19000000000000	0.227668309606852
4.20000000000000	0.134597331499213
4.21000000000000	0.0408745371563442
4.22000000000000	-0.0532742883149643
4.23000000000000	-0.147621536410290
4.24000000000000	-0.241938322715400
4.25000000000000	-0.335995039406440
4.26000000000000	-0.429561911435551
4.27000000000000	-0.522409555061389
4.28000000000000	-0.614309537373627
4.29000000000000	-0.705034935453436
4.30000000000000	-0.794360893808035
4.31000000000000	-0.882065178716909
4.32000000000000	-0.967928728130041
4.33000000000000	-1.05173619576456
4.34000000000000	-1.13327648805569
4.35000000000000	-1.21234329263045
4.36000000000000	-1.28873559698872
4.37000000000000	-1.36225819609542
4.38000000000000	-1.43272218760991
4.39000000000000	-1.49994545350476
4.40000000000000	-1.56375312685419
4.41000000000000	-1.62397804260502
4.42000000000000	-1.68046117117713
4.43000000000000	-1.73305203377879
4.44000000000000	-1.78160909836236
4.45000000000000	-1.82600015518954
4.46000000000000	-1.86610267102119
4.47000000000000	-1.90180412099542
4.48000000000000	-1.93300229730862
4.49000000000000	-1.95960559386754
4.50000000000000	-1.98153326613592
4.51000000000000	-1.99871566545718
4.52000000000000	-2.01109444719374
4.53000000000000	-2.01862275208559
4.54000000000000	-2.02126536029324
4.55000000000000	-2.01899881765524
4.56000000000000	-2.01181153375598
4.57000000000000	-1.99970385146726
4.58000000000000	-1.98268808769466
4.59000000000000	-1.96078854512946
4.60000000000000	-1.93404149487645
4.61000000000000	-1.90249512989827
4.62000000000000	-1.86620948928815
4.63000000000000	-1.82525635345334
4.64000000000000	-1.77971911036326
4.65000000000000	-1.72969259308668
4.66000000000000	-1.67528288891354
4.67000000000000	-1.61660712042653
4.68000000000000	-1.55379319895770
4.69000000000000	-1.48697955093358
4.70000000000000	-1.41631481768038
4.71000000000000	-1.34195752932719
4.72000000000000	-1.26407575351035
4.73000000000000	-1.18284671964618
4.74000000000000	-1.09845641960103
4.75000000000000	-1.01109918564814
4.76000000000000	-0.920977246659244
4.77000000000000	-0.828300263534770
4.78000000000000	-0.733284844930999
4.79000000000000	-0.636154044393714
4.80000000000000	-0.537136840057266
4.81000000000000	-0.436467598114349
4.82000000000000	-0.334385521305472
4.83000000000000	-0.231134083717916
4.84000000000000	-0.126960453221801
4.85000000000000	-0.0221149029055521
4.86000000000000	0.0831497870953936
4.87000000000000	0.188578935954581
4.88000000000000	0.293916575248305
4.89000000000000	0.398906067318781
4.90000000000000	0.503290727420412
4.91000000000000	0.606814448148467
4.92000000000000	0.709222324638680
4.93000000000000	0.810261279019182
4.94000000000000	0.909680682592646
4.95000000000000	1.00723297422680
4.96000000000000	1.10267427343536
4.97000000000000	1.19576498663903
4.98000000000000	1.28627040510766
4.99000000000000	1.37396129309954
5	1.45861446473255
5.01000000000000	1.54001334814422
5.02000000000000	1.61794853552367
5.03000000000000	1.69221831762771
5.04000000000000	1.76262920142645
5.05000000000000	1.82899640956010
5.06000000000000	1.89114436032812
5.07000000000000	1.94890712697509
5.08000000000000	2.00212887508337
5.09000000000000	2.05066427693215
5.10000000000000	2.09437890173433
5.11000000000000	2.13314958071742
5.12000000000000	2.16686474607280
5.13000000000000	2.19542474285711
5.14000000000000	2.21874211299301
5.15000000000000	2.23674185058057
5.16000000000000	2.24936162779852
5.17000000000000	2.25655199074281
5.18000000000000	2.25827652462149
5.19000000000000	2.25451198779698
5.20000000000000	2.24524841424106
5.21000000000000	2.23048918404329
5.22000000000000	2.21025106168984
5.23000000000000	2.18456420190741
5.24000000000000	2.15347212294494
5.25000000000000	2.11703164724462
5.26000000000000	2.07531280953307
5.27000000000000	2.02839873244264
5.28000000000000	1.97638546985254
5.29000000000000	1.91938181821830
5.30000000000000	1.85750909623725
5.31000000000000	1.79090089327590
5.32000000000000	1.71970278706227
5.33000000000000	1.64407203122329
5.34000000000000	1.56417721332236
5.35000000000000	1.48019788412643
5.36000000000000	1.39232415890445
5.37000000000000	1.30075629162986
5.38000000000000	1.20570422302889
5.39000000000000	1.10738710348320
5.40000000000000	1.00603279186016
5.41000000000000	0.901877331406501
5.42000000000000	0.795164403900528
5.43000000000000	0.686144763315578
5.44000000000000	0.575075650301238
5.45000000000000	0.462220188840306
5.46000000000000	0.347846766487485
5.47000000000000	0.232228399640672
5.48000000000000	0.115642085337189
5.49000000000000	-0.00163185889473474
5.50000000000000	-0.119310465564494
5.51000000000000	-0.237108796532219
5.52000000000000	-0.354740629484108
5.53000000000000	-0.471919149924524
5.54000000000000	-0.588357647020250
5.55000000000000	-0.703770211617131
5.56000000000000	-0.817872434738169
5.57000000000000	-0.930382104865106
5.58000000000000	-1.04101990230254
5.59000000000000	-1.14951008892480
5.60000000000000	-1.25558119161120
5.61000000000000	-1.35896667768452
5.62000000000000	-1.45940562068146
5.63000000000000	-1.55664335480128
5.64000000000000	-1.65043211640066
5.65000000000000	-1.74053167092884
5.66000000000000	-1.82670992372656
5.67000000000000	-1.90874351314652
5.68000000000000	-1.98641838449039
5.69000000000000	-2.05953034329906
5.70000000000000	-2.12788558657769
5.71000000000000	-2.19130121058629
5.72000000000000	-2.24960569387835
5.73000000000000	-2.30263935432598
5.74000000000000	-2.35025477892886
5.75000000000000	-2.39231722526628
5.76000000000000	-2.42870499351652
5.77000000000000	-2.45930976803600
5.78000000000000	-2.48403692756072
5.79000000000000	-2.50280582316599
5.80000000000000	-2.51555002319567
5.81000000000000	-2.52221752444995
5.82000000000000	-2.52277092900006
5.83000000000000	-2.51718758607999
5.84000000000000	-2.50545969858827
5.85000000000000	-2.48759439381735
5.86000000000000	-2.46361375811369
5.87000000000000	-2.43355483525880
5.88000000000000	-2.39746958844853
5.89000000000000	-2.35542482583633
5.90000000000000	-2.30750208969483
5.91000000000000	-2.25379750933851
5.92000000000000	-2.19442161803914
5.93000000000000	-2.12949913425406
5.94000000000000	-2.05916870757526
5.95000000000000	-1.98358262989444
5.96000000000000	-1.90290651236583
5.97000000000000	-1.81731892883351
5.98000000000000	-1.72701102647407
5.99000000000000	-1.63218610448784
6	-1.53305916175245
6.01000000000000	-1.42985641443135
6.02000000000000	-1.32281478460635
6.03000000000000	-1.21218136107756
6.04000000000000	-1.09821283354576
6.05000000000000	-0.981174901461310
6.06000000000000	-0.861341658889738
6.07000000000000	-0.738994956807228
6.08000000000000	-0.614423744299162
6.09000000000000	-0.487923390191223
6.10000000000000	-0.359794986695562
6.11000000000000	-0.230344636703819
6.12000000000000	-0.0998827264042407
6.13000000000000	0.0312768150582961
6.14000000000000	0.162817267123024
6.15000000000000	0.294419878765091
6.16000000000000	0.425764637039595
6.17000000000000	0.556531041374196
6.18000000000000	0.686398881746248
6.19000000000000	0.815049018864440
6.20000000000000	0.942164164463510
6.21000000000000	1.06742965981373
6.22000000000000	1.19053425054460
6.23000000000000	1.31117085588446
6.24000000000000	1.42903733042494
6.25000000000000	1.54383721653029
6.26000000000000	1.65528048552855
6.27000000000000	1.76308426584150
6.28000000000000	1.86697355623651
6.29000000000000	1.96668192241255
6.30000000000000	2.06195217516755
6.31000000000000	2.15253702843252
6.32000000000000	2.23819973550133
6.33000000000000	2.31871470183170
6.34000000000000	2.39386807284501
6.35000000000000	2.46345829520714
6.36000000000000	2.52729665013253
6.37000000000000	2.58520775731596
6.38000000000000	2.63703004816374
6.39000000000000	2.68261620706561
6.40000000000000	2.72183357952246
6.41000000000000	2.75456454602106
6.42000000000000	2.78070686062682
6.43000000000000	2.80017395334777
6.44000000000000	2.81289519540766
6.45000000000000	2.81881612665357
6.46000000000000	2.81789864441267
6.47000000000000	2.81012115320425
6.48000000000000	2.79547867480634
6.49000000000000	2.77398291827105
6.50000000000000	2.74566230957849
6.51000000000000	2.71056198071668
6.52000000000000	2.66874371807254
6.53000000000000	2.62028587011782
6.54000000000000	2.56528321447268
6.55000000000000	2.50384678452894
6.56000000000000	2.43610365591395
6.57000000000000	2.36219669317464
6.58000000000000	2.28228425715974
6.59000000000000	2.19653987367504
6.60000000000000	2.10515186408313
6.61000000000000	2.00832293861393
6.62000000000000	1.90626975324547
6.63000000000000	1.79922243110651
6.64000000000000	1.68742404944174
6.65000000000000	1.57113009326795
6.66000000000000	1.45060787693473
6.67000000000000	1.32613593488511
6.68000000000000	1.19800338299144
6.69000000000000	1.06650925191810
6.70000000000000	0.931961794035533
6.71000000000000	0.794677765480077
6.72000000000000	0.654981685019884
6.73000000000000	0.513205071449564
6.74000000000000	0.369685661294355
6.75000000000000	0.224766608658795
6.76000000000000	0.0787956691046804
6.77000000000000	-0.0678756305114470
6.78000000000000	-0.214892834270185
6.79000000000000	-0.361899409483157
6.80000000000000	-0.508537607010086
6.81000000000000	-0.654449327533576
6.82000000000000	-0.799276991704465
6.83000000000000	-0.942664412053901
6.84000000000000	-1.08425766455665
6.85000000000000	-1.22370595772370
6.86000000000000	-1.36066249710066
6.87000000000000	-1.49478534305252
6.88000000000000	-1.62573825972397
6.89000000000000	-1.75319155307889
6.90000000000000	-1.87682289594159
6.91000000000000	-1.99631813798711
6.92000000000000	-2.11137209865701
6.93000000000000	-2.22168934101191
6.94000000000000	-2.32698492457116
6.95000000000000	-2.42698513523471
6.96000000000000	-2.52142819043108
6.97000000000000	-2.61006491768926
6.98000000000000	-2.69265940489090
6.99000000000000	-2.76898962052166
7	-2.83884800230807
7.01000000000000	-2.90204201269733
7.02000000000000	-2.95839465971289
7.03000000000000	-3.00774498179779
7.04000000000000	-3.04994849534042
7.05000000000000	-3.08487760366380
7.06000000000000	-3.11242196634882
7.07000000000000	-3.13248882785466
7.08000000000000	-3.14500330449481
7.09000000000000	-3.14990862892532
7.10000000000000	-3.14716635140236
7.11000000000000	-3.13675649716873
7.12000000000000	-3.11867767943342
7.13000000000000	-3.09294716751462
7.14000000000000	-3.05960090982414
7.15000000000000	-3.01869351147996
7.16000000000000	-2.97029816644329
7.17000000000000	-2.91450654418676
7.18000000000000	-2.85142863101115
7.19000000000000	-2.78119252623878
7.20000000000000	-2.70394419362213
7.21000000000000	-2.61984716841669
7.22000000000000	-2.52908222067619
7.23000000000000	-2.43184697543717
7.24000000000000	-2.32835549056662
7.25000000000000	-2.21883779315265
7.26000000000000	-2.10353937542167
7.27000000000000	-1.98272065126775
7.28000000000000	-1.85665637457922
7.29000000000000	-1.72563502064496
7.30000000000000	-1.58995813201676
7.31000000000000	-1.44993963029582
7.32000000000000	-1.30590509539910
7.33000000000000	-1.15819101394615
7.34000000000000	-1.00714399848754
7.35000000000000	-0.853119979373349
7.36000000000000	-0.696483371132630
7.37000000000000	-0.537606215303613
7.38000000000000	-0.376867301718280
7.39000000000000	-0.214651270304463
7.40000000000000	-0.0513476955231346
7.41000000000000	0.112649844391735
7.42000000000000	0.276944711178911
7.43000000000000	0.441138161030032
7.44000000000000	0.604830307519006
7.45000000000000	0.767621090667012
7.46000000000000	0.929111249806458
7.47000000000000	1.08890329788984
7.48000000000000	1.24660249487775
7.49000000000000	1.40181781783430
7.50000000000000	1.55416292535789
7.51000000000000	1.70325711398089
7.52000000000000	1.84872626418300
7.53000000000000	1.99020377368016
7.54000000000000	2.12733147567372
7.55000000000000	2.25976053977302
7.56000000000000	2.38715235333890
7.57000000000000	2.50917938103519
7.58000000000000	2.62552600042086
7.59000000000000	2.73588931146588
7.60000000000000	2.83997991793042
7.61000000000000	2.93752267860767
7.62000000000000	3.02825742649763
7.63000000000000	3.11193965404978
7.64000000000000	3.18834116268938
7.65000000000000	3.25725067492208
7.66000000000000	3.31847440739734
7.67000000000000	3.37183660339992
7.68000000000000	3.41718002333252
7.69000000000000	3.45436639184965
7.70000000000000	3.48327680040363
7.71000000000000	3.50381206406787
7.72000000000000	3.51589303160994
7.73000000000000	3.51946084789681
7.74000000000000	3.51447716782789
7.75000000000000	3.50092432110627
7.76000000000000	3.47880542727594
7.77000000000000	3.44814446057180
7.78000000000000	3.40898626424977
7.79000000000000	3.36139651418614
7.80000000000000	3.30546163165781
7.81000000000000	3.24128864533885
7.82000000000000	3.16900500267196
7.83000000000000	3.08875833089759
7.84000000000000	3.00071614814672
7.85000000000000	2.90506552512631
7.86000000000000	2.80201269804855
7.87000000000000	2.69178263357581
7.88000000000000	2.57461854667266
7.89000000000000	2.45078137237430
7.90000000000000	2.32054919259592
7.91000000000000	2.18421661922124
7.92000000000000	2.04209413481898
7.93000000000000	1.89450739244384
7.94000000000000	1.74179647608324
7.95000000000000	1.58431512341224
7.96000000000000	1.42242991261663
7.97000000000000	1.25651941513758
7.98000000000000	1.08697331628090
7.99000000000000	0.914191505718637
8	0.738583139991200
8.01000000000000	0.560565679193768
8.02000000000000	0.380563900100955
8.03000000000000	0.199008888049055
8.04000000000000	0.0163370099549125
8.05000000000000	-0.167011129095371
8.06000000000000	-0.350591743206192
8.07000000000000	-0.533958934456380
8.08000000000000	-0.716665770546454
8.09000000000000	-0.898265368717820
8.10000000000000	-1.07831198332827
8.11000000000000	-1.25636209445011
8.12000000000000	-1.43197549484558
8.13000000000000	-1.60471637266903
8.14000000000000	-1.77415438724626
8.15000000000000	-1.93986573528938
8.16000000000000	-2.10143420491938
8.17000000000000	-2.25845221488903
8.18000000000000	-2.41052183642606
8.19000000000000	-2.55725579514930
8.20000000000000	-2.69827845055064
8.21000000000000	-2.83322675058112
8.22000000000000	-2.96175115893156
8.23000000000000	-3.08351655265641
8.24000000000000	-3.19820308785307
8.25000000000000	-3.30550703117906
8.26000000000000	-3.40514155506465
8.27000000000000	-3.49683749455935
8.28000000000000	-3.58034406383707
8.29000000000000	-3.65542953047580
8.30000000000000	-3.72188184572406
8.31000000000000	-3.77950922906696
8.32000000000000	-3.82814070551041
8.33000000000000	-3.86762659411117
8.34000000000000	-3.89783894639423
8.35000000000000	-3.91867193341603
8.36000000000000	-3.93004218035281
8.37000000000000	-3.93188904761701
8.38000000000000	-3.92417485763141
8.39000000000000	-3.90688506651985
8.40000000000000	-3.88002838010476
8.41000000000000	-3.84363681373528
8.42000000000000	-3.79776569560454
8.43000000000000	-3.74249361335130
8.44000000000000	-3.67792230387805
8.45000000000000	-3.60417648645600
8.46000000000000	-3.52140363932536
8.47000000000000	-3.42977372013764
8.48000000000000	-3.32947883072453
8.49000000000000	-3.22073282681512
8.50000000000000	-3.10377087345935
8.51000000000000	-2.97884894705009
8.52000000000000	-2.84624328496989
8.53000000000000	-2.70624978401865
8.54000000000000	-2.55918334890786
8.55000000000000	-2.40537719223264
8.56000000000000	-2.24518208745583
8.57000000000000	-2.07896557655820
8.58000000000000	-1.90711113412481
8.59000000000000	-1.73001728974979
8.60000000000000	-1.54809671074973
8.61000000000000	-1.36177524727940
8.62000000000000	-1.17149094204240
8.63000000000000	-0.977693006882959
8.64000000000000	-0.780840768633833
8.65000000000000	-0.581402586678149
8.66000000000000	-0.379854744760650
8.67000000000000	-0.176680319655110
8.68000000000000	0.0276319706398365
8.69000000000000	0.232588936445068
8.70000000000000	0.437694100901528
8.71000000000000	0.642448896596804
8.72000000000000	0.846353871448233
8.73000000000000	1.04890990094050
8.74000000000000	1.24961940379011
8.75000000000000	1.44798755809065
8.76000000000000	1.64352351498115
8.77000000000000	1.83574160687583
8.78000000000000	2.02416254729612
8.79000000000000	2.20831461935633
8.80000000000000	2.38773484997127
8.81000000000000	2.56197016687904
8.82000000000000	2.73057853560363
8.83000000000000	2.89313007352085
8.84000000000000	3.04920813823701
8.85000000000000	3.19841038754237
8.86000000000000	3.34034980826127
8.87000000000000	3.47465571138692
8.88000000000000	3.60097469096198
8.89000000000000	3.71897154424532
8.90000000000000	3.82833015079106
8.91000000000000	3.92875430815759
8.92000000000000	4.01996852206197
8.93000000000000	4.10171874889824
8.94000000000000	4.17377308864691
8.95000000000000	4.23592242631677
8.96000000000000	4.28798102017868
8.97000000000000	4.32978703517481
8.98000000000000	4.36120302001417
8.99000000000000	4.38211632659744
9	4.39243947054935
9.01000000000000	4.39211043177640
9.02000000000000	4.38109289410935
9.03000000000000	4.35937642323520
9.04000000000000	4.32697658227072
9.05000000000000	4.28393498447886
9.06000000000000	4.23031928278100
9.07000000000000	4.16622309587000
9.08000000000000	4.09176587088327
9.09000000000000	4.00709268274866
9.10000000000000	3.91237397047104
9.11000000000000	3.80780521078131
9.12000000000000	3.69360652972379
9.13000000000000	3.57002225291099
9.14000000000000	3.43732039532609
9.15000000000000	3.29579209170440
9.16000000000000	3.14575096867235
9.17000000000000	2.98753245996925
9.18000000000000	2.82149306621946
9.19000000000000	2.64800956086317
9.20000000000000	2.46747814399025
9.21000000000000	2.28031354595476
9.22000000000000	2.08694808277620
9.23000000000000	1.88783066545805
9.24000000000000	1.68342576547370
9.25000000000000	1.47421233878421
9.26000000000000	1.26068271086176
9.27000000000000	1.04334142529589
9.28000000000000	0.822704058657278
9.29000000000000	0.599296004385521
9.30000000000000	0.373651228551842
9.31000000000000	0.146311000426581
9.32000000000000	-0.0821773991475117
9.33000000000000	-0.311261988510582
9.34000000000000	-0.540387411946732
9.35000000000000	-0.768996279278217
9.36000000000000	-0.996530515077830
9.37000000000000	-1.22243271424995
9.38000000000000	-1.44614750070392
9.39000000000000	-1.66712288582440
9.40000000000000	-1.88481162343248
9.41000000000000	-2.09867255792828
9.42000000000000	-2.30817196231076
9.43000000000000	-2.51278486278377
9.44000000000000	-2.71199634667833
9.45000000000000	-2.90530285045047
9.46000000000000	-3.09221342455115
9.47000000000000	-3.27225097200975
9.48000000000000	-3.44495345762579
9.49000000000000	-3.60987508472412
9.50000000000000	-3.76658743649701
9.51000000000000	-3.91468057903275
9.52000000000000	-4.05376412321307
9.53000000000000	-4.18346824275212
9.54000000000000	-4.30344464574718
9.55000000000000	-4.41336749721486
9.56000000000000	-4.51293429019720
9.57000000000000	-4.60186666313889
9.58000000000000	-4.67991116135940
9.59000000000000	-4.74683994057232
9.60000000000000	-4.80245141053818
9.61000000000000	-4.84657081707578
9.62000000000000	-4.87905076080123
9.63000000000000	-4.89977165111182
9.64000000000000	-4.90864209408455
9.65000000000000	-4.90559921311499
9.66000000000000	-4.89060890128208
9.67000000000000	-4.86366600458677
9.68000000000000	-4.82479443537781
9.69000000000000	-4.77404721544542
9.70000000000000	-4.71150644843292
9.71000000000000	-4.63728322138718
9.72000000000000	-4.55151743544042
9.73000000000000	-4.45437756578866
9.74000000000000	-4.34606035130425
9.75000000000000	-4.22679041429276
9.76000000000000	-4.09681981107591
9.77000000000000	-3.95642751425325
9.78000000000000	-3.80591882766413
9.79000000000000	-3.64562473523934
9.80000000000000	-3.47590118509608
9.81000000000000	-3.29712831039314
9.82000000000000	-3.10970958862136
9.83000000000000	-2.91407094116090
9.84000000000000	-2.71065977508809
9.85000000000000	-2.49994396936213
9.86000000000000	-2.28241080766503
9.87000000000000	-2.05856586030526
9.88000000000000	-1.82893181772866
9.89000000000000	-1.59404727830613
9.90000000000000	-1.35446549318869
9.91000000000000	-1.11075307113423
9.92000000000000	-0.863488646318285
9.93000000000000	-0.613261512241299
9.94000000000000	-0.360670224938399
9.95000000000000	-0.106321178783604
9.96000000000000	0.149172841741598
9.97000000000000	0.405194130875013
9.98000000000000	0.661121547493528
9.99000000000000	0.916332014569772
10	1.17020202856418
10.0100000000000	1.42210917511428
10.0200000000000	1.67143364735498
10.0300000000000	1.91755976318449
10.0400000000000	2.15987747778029
10.0500000000000	2.39778388766808
10.0600000000000	2.63068472265449
10.0700000000000	2.85799582195088
10.0800000000000	3.07914459084139
10.0900000000000	3.29357143428270
10.1000000000000	3.50073116386707
10.1100000000000	3.70009437463194
10.1200000000000	3.89114878826099
10.1300000000000	4.07340055929120
10.1400000000000	4.24637554101838
10.1500000000000	4.40962050788063
10.1600000000000	4.56270433119355
10.1700000000000	4.70521910521370
10.1800000000000	4.83678122061720
10.1900000000000	4.95703238259823
10.2000000000000	5.06564057091698
10.2100000000000	5.16230093935870
10.2200000000000	5.24673665220422
10.2300000000000	5.31869965545689
10.2400000000000	5.37797138072204
10.2500000000000	5.42436337979159
10.2600000000000	5.45771788814816
10.2700000000000	5.47790831576979
10.2800000000000	5.48483966378782
10.2900000000000	5.47844886572549
10.3000000000000	5.45870505222437
10.3100000000000	5.42560973834768
10.3200000000000	5.37919693273504
10.3300000000000	5.31953316807073
10.3400000000000	5.24671745251709
10.3500000000000	5.16088114195596
10.3600000000000	5.06218773307296
10.3700000000000	4.95083257751239
10.3800000000000	4.82704251752322
10.3900000000000	4.69107544370922
10.4000000000000	4.54321977568786
10.4100000000000	4.38379386665328
10.4200000000000	4.21314533302677
10.4300000000000	4.03165031056514
10.4400000000000	3.83971263848074
10.4500000000000	3.63776297330760
10.4600000000000	3.42625783442508
10.4700000000000	3.20567858332352
10.4800000000000	2.97653033886469
10.4900000000000	2.73934083095362
10.5000000000000	2.49465919519648
10.5100000000000	2.24305471127184
10.5200000000000	1.98511548788927
10.5300000000000	1.72144709734889
10.5400000000000	1.45267116284882
10.5500000000000	1.17942390181352
10.5600000000000	0.902354628634184
10.5700000000000	0.622124220323085
10.5800000000000	0.339403548686202
10.5900000000000	0.0548718827124601
10.6000000000000	-0.230784735036730
10.6100000000000	-0.516875134177469
10.6200000000000	-0.802704680465438
10.6300000000000	-1.08757695398457
10.6400000000000	-1.37079543752835
10.6500000000000	-1.65166521110090
10.6600000000000	-1.92949464843591
10.6700000000000	-2.20359711141239
10.6800000000000	-2.47329263823675
10.6900000000000	-2.73790962126168
10.7000000000000	-2.99678647032317
10.7100000000000	-3.24927325749755
10.7200000000000	-3.49473333921195
10.7300000000000	-3.73254495168181
10.7400000000000	-3.96210277570064
10.7500000000000	-4.18281946686744
10.7600000000000	-4.39412714740780
10.7700000000000	-4.59547885582500
10.7800000000000	-4.78634995070653
10.7900000000000	-4.96623946511044
10.8000000000000	-5.13467140806379
10.8100000000000	-5.29119600982184
10.8200000000000	-5.43539090766194
10.8300000000000	-5.56686226911961
10.8400000000000	-5.68524584971555
10.8500000000000	-5.79020798237159
10.8600000000000	-5.88144649586996
10.8700000000000	-5.95869155987387
10.8800000000000	-6.02170645419714
10.8900000000000	-6.07028826018714
10.9000000000000	-6.10426847226736
10.9100000000000	-6.12351352787323
10.9200000000000	-6.12792525420745
10.9300000000000	-6.11744123043781
10.9400000000000	-6.09203506416154
10.9500000000000	-6.05171658116484
10.9600000000000	-5.99653192771354
10.9700000000000	-5.92656358482143
10.9800000000000	-5.84193029415459
10.9900000000000	-5.74278689544435
11	-5.62932407549603
11.0100000000000	-5.50176802909612
11.0200000000000	-5.36038003233621
11.0300000000000	-5.20545592908652
11.0400000000000	-5.03732553156613
11.0500000000000	-4.85635193616911
11.0600000000000	-4.66293075591604
11.0700000000000	-4.45748927110817
11.0800000000000	-4.24048549996589
11.0900000000000	-4.01240719123405
11.1000000000000	-3.77377074093369
11.1100000000000	-3.52512003563154
11.1200000000000	-3.26702522478612
11.1300000000000	-3.00008142491046
11.1400000000000	-2.72490735846702
11.1500000000000	-2.44214393057950
11.1600000000000	-2.15245274680796
11.1700000000000	-1.85651457538883
11.1800000000000	-1.55502775748794
11.1900000000000	-1.24870656915388
11.2000000000000	-0.938279538789267
11.2100000000000	-0.624487724078932
11.2200000000000	-0.308082952426672
11.2300000000000	0.0101739709451720
11.2400000000000	0.329515082985650
11.2500000000000	0.649167106563980
11.2600000000000	0.968353313573524
11.2700000000000	1.28629540292491
11.2800000000000	1.60221538891046
11.2900000000000	1.91533749538104
11.3000000000000	2.22489005114655
11.3100000000000	2.53010738199218
11.3200000000000	2.83023169469475
11.3300000000000	3.12451494842697
11.3400000000000	3.41222070895186
11.3500000000000	3.69262598103563
11.3600000000000	3.96502301454420
11.3700000000000	4.22872107973704
11.3800000000000	4.48304820733097
11.3900000000000	4.72735288897718
11.4000000000000	4.96100573387573
11.4100000000000	5.18340107734363
11.4200000000000	5.39395853725490
11.4300000000000	5.59212451438379
11.4400000000000	5.77737363280477
11.4500000000000	5.94921011663560
11.4600000000000	6.10716909955157
11.4700000000000	6.25081786365015
11.4800000000000	6.37975700440552
11.4900000000000	6.49362151862055
11.5000000000000	6.59208181246074
11.5100000000000	6.67484462683868
11.5200000000000	6.74165387760945
11.5300000000000	6.79229140823550
11.5400000000000	6.82657765278469
11.5500000000000	6.84437220733568
11.5600000000000	6.84557430808120
11.5700000000000	6.83012321464062
11.5800000000000	6.79799849731890
11.5900000000000	6.74922022727825
11.6000000000000	6.68384906882132
11.6100000000000	6.60198627322045
11.6200000000000	6.50377357376489
11.6300000000000	6.38939298193703
11.6400000000000	6.25906648486938
11.6500000000000	6.11305564447420
11.6600000000000	5.95166109887881
11.6700000000000	5.77522196703923
11.6800000000000	5.58411515764362
11.6900000000000	5.37875458365359
11.7000000000000	5.15959028406583
11.7100000000000	4.92710745470799
11.7200000000000	4.68182539010993
11.7300000000000	4.42429633871543
11.7400000000000	4.15510427391806
11.7500000000000	3.87486358361811
11.7600000000000	3.58421768120573
11.7700000000000	3.28383754107600
11.7800000000000	2.97442016197693
11.7900000000000	2.65668696167770
11.8000000000000	2.33138210662431
11.8100000000000	1.99927078042058
11.8200000000000	1.66113739513448
11.8300000000000	1.31778374958321
11.8400000000000	0.970027138893588
11.8500000000000	0.618698419768131
11.8600000000000	0.264640036010114
11.8700000000000	-0.0912959910261967
11.8800000000000	-0.448250102292609
11.8900000000000	-0.805357266353325
11.9000000000000	-1.16174906520368
11.9100000000000	-1.51655579559737
11.9200000000000	-1.86890858082292
11.9300000000000	-2.21794148782740
11.9400000000000	-2.56279364455421
11.9500000000000	-2.90261135234364
11.9600000000000	-3.23655018823890
11.9700000000000	-3.56377709204686
11.9800000000000	-3.88347243302188
11.9900000000000	-4.19483205107297
12	-4.49706926743849
12.0100000000000	-4.78941685982950
12.0200000000000	-5.07112899711179
12.0300000000000	-5.34148312867792
12.0400000000000	-5.59978182375405
12.0500000000000	-5.84535455599137
12.0600000000000	-6.07755942880912
12.0700000000000	-6.29578483708451
12.0800000000000	-6.49945106092415
12.0900000000000	-6.68801178740246
12.1000000000000	-6.86095555631296
12.1100000000000	-7.01780712614989
12.1200000000000	-7.15812875671827
12.1300000000000	-7.28152140496095
12.1400000000000	-7.38762583079036
12.1500000000000	-7.47612360992074
12.1600000000000	-7.54673805091204
12.1700000000000	-7.59923501386040
12.1800000000000	-7.63342362840044
12.1900000000000	-7.64915690892118
12.2000000000000	-7.64633226514069
12.2100000000000	-7.62489190643227
12.2200000000000	-7.58482313854819
12.2300000000000	-7.52615855164405
12.2400000000000	-7.44897609876737
12.2500000000000	-7.35339906423794
12.2600000000000	-7.23959592161301
12.2700000000000	-7.10778008119829
12.2800000000000	-6.95820952733437
12.2900000000000	-6.79118634595687
12.3000000000000	-6.60705614319773
12.3100000000000	-6.40620735606270
12.3200000000000	-6.18907045648621
12.3300000000000	-5.95611705032902
12.3400000000000	-5.70785887314482
12.3500000000000	-5.44484668479991
12.3600000000000	-5.16766906528301
12.3700000000000	-4.87695111429129
12.3800000000000	-4.57335305742144
12.3900000000000	-4.25756876203213
12.4000000000000	-3.93032416607424
12.4100000000000	-3.59237562340894
12.4200000000000	-3.24450816934886
12.4300000000000	-2.88753371036493
12.4400000000000	-2.52228914209956
12.4500000000000	-2.14963440001580
12.4600000000000	-1.77045044719130
12.4700000000000	-1.38563720393405
12.4800000000000	-0.996111424055427
12.4900000000000	-0.602804522782026
12.5000000000000	-0.206660361423375
12.5100000000000	0.191367005964712
12.5200000000000	0.590315618570460
12.5300000000000	0.989217922021390
12.5400000000000	1.38710310325061
12.5500000000000	1.78299944142819
12.5600000000000	2.17593666929308
12.5700000000000	2.56494833917593
12.5800000000000	2.94907418797193
12.5900000000000	3.32736249530532
12.6000000000000	3.69887242912365
12.6100000000000	4.06267637297048
12.6200000000000	4.41786222920975
12.6300000000000	4.76353569251348
12.6400000000000	5.09882248797716
12.6500000000000	5.42287056829352
12.6600000000000	5.73485226449571
12.6700000000000	6.03396638487449
12.6800000000000	6.31944025678184
12.6900000000000	6.59053170615326
12.7000000000000	6.84653096971540
12.7100000000000	7.08676253499104
12.7200000000000	7.31058690337290
12.7300000000000	7.51740227170791
12.7400000000000	7.70664612801621
12.7500000000000	7.87779675716290
12.7600000000000	8.03037465250495
12.7700000000000	8.16394382975065
12.7800000000000	8.27811303949393
12.7900000000000	8.37253687511993
12.8000000000000	8.44691677302146
12.8100000000000	8.50100190231718
12.8200000000000	8.53458994152164
12.8300000000000	8.54752773988325
12.8400000000000	8.53971186137927
12.8500000000000	8.51108900963497
12.8600000000000	8.46165633231840
12.8700000000000	8.39146160384987
12.8800000000000	8.30060328555766
12.8900000000000	8.18923046270657
12.9000000000000	8.05754265812347
12.9100000000000	7.90578952244335
12.9200000000000	7.73427040129972
12.9300000000000	7.54333378008379
12.9400000000000	7.33337660719674
12.9500000000000	7.10484349701862
12.9600000000000	6.85822581411408
12.9700000000000	6.59406064048947
12.9800000000000	6.31292962800696
12.9900000000000	6.01545773834772
13	5.70231187319861
13.0100000000000	5.37419939761285
13.0200000000000	5.03186655976575
13.0300000000000	4.67609681058955
13.0400000000000	4.30770902702739
13.0500000000000	3.92755564289410
13.0600000000000	3.53652069156976
13.0700000000000	3.13551776498187
13.0800000000000	2.72548789355062
13.0900000000000	2.30739735198073
13.1000000000000	1.88223539598062
13.1100000000000	1.45101193517553
13.1200000000000	1.01475514765468
13.1300000000000	0.574509041753746
13.1400000000000	0.131330970821662
13.1500000000000	-0.313710893144693
13.1600000000000	-0.759540120993886
13.1700000000000	-1.20507461693084
13.1800000000000	-1.64922923184290
13.1900000000000	-2.09091839316152
13.2000000000000	-2.52905874491791
13.2100000000000	-2.96257179160414
13.2200000000000	-3.39038653941956
13.2300000000000	-3.81144212846662
13.2400000000000	-4.22469044945934
13.2500000000000	-4.62909873852354
13.2600000000000	-5.02365214369827
13.2700000000000	-5.40735625679492
13.2800000000000	-5.77923960433243
13.2900000000000	-6.13835609134484
13.3000000000000	-6.48378739195035
13.3100000000000	-6.81464528067957
13.3200000000000	-7.13007389868344
13.3300000000000	-7.42925194907981
13.3400000000000	-7.71139481584964
13.3500000000000	-7.97575660086052
13.3600000000000	-8.22163207377564
13.3700000000000	-8.44835852979980
13.3800000000000	-8.65531755042094
13.3900000000000	-8.84193666252475
13.4000000000000	-9.00769089149113
13.4100000000000	-9.15210420412379
13.4200000000000	-9.27475083751830
13.4300000000000	-9.37525651023733
13.4400000000000	-9.45329951243596
13.4500000000000	-9.50861167186270
13.4600000000000	-9.54097919295302
13.4700000000000	-9.55024336653150
13.4800000000000	-9.53630114794486
13.4900000000000	-9.49910560176046
13.5000000000000	-9.43866621148351
13.5100000000000	-9.35504905306884
13.5200000000000	-9.24837683133037
13.5300000000000	-9.11882877868224
13.5400000000000	-8.96664041597792
13.5500000000000	-8.79210317554908
13.5600000000000	-8.59556388688110
13.5700000000000	-8.37742412569820
13.5800000000000	-8.13813942756614
13.5900000000000	-7.87821836745384
13.6000000000000	-7.59822150702673
13.6100000000000	-7.29876021177238
13.6200000000000	-6.98049534038319
13.6300000000000	-6.64413580914025
13.6400000000000	-6.29043703435588
13.6500000000000	-5.92019925624030
13.6600000000000	-5.53426574785746
13.6700000000000	-5.13352091312808
13.6800000000000	-4.71888827812127
13.6900000000000	-4.29132838015070
13.7000000000000	-3.85183655945586
13.7100000000000	-3.40144065850226
13.7200000000000	-2.94119863417721
13.7300000000000	-2.47219608838774
13.7400000000000	-1.99554372278534
13.7500000000000	-1.51237472354635
13.7600000000000	-1.02384208232815
13.7700000000000	-0.531115859697535
13.7800000000000	-0.0353803974897995
13.7900000000000	0.462168513296210
13.8000000000000	0.960326502330683
13.8100000000000	1.45788352066131
13.8200000000000	1.95362676534688
13.8300000000000	2.44634362098291
13.8400000000000	2.93482461102046
13.8500000000000	3.41786635173084
13.8600000000000	3.89427450163748
13.8700000000000	4.36286669922237
13.8800000000000	4.82247548171780
13.8900000000000	5.27195117781519
13.9000000000000	5.71016476716133
13.9100000000000	6.13601069956821
13.9200000000000	6.54840966693608
13.9300000000000	6.94631132098007
13.9400000000000	7.32869692995835
13.9500000000000	7.69458196772489
13.9600000000000	8.04301862857068
13.9700000000000	8.37309826147586
13.9800000000000	8.68395371756832
13.9900000000000	8.97476160477449
14	9.24474444385252
14.0100000000000	9.49317272021809
14.0200000000000	9.71936682620689
14.0300000000000	9.92269888866591
14.0400000000000	10.1025944770270
14.0500000000000	10.2585341872897
14.0600000000000	10.3900550976272
14.0700000000000	10.4967520916254
14.0800000000000	10.5782790454744
14.0900000000000	10.6343498757502
14.1000000000000	10.6647394447498
14.1100000000000	10.6692843206815
14.1200000000000	10.6478833903554
14.1300000000000	10.6004983223672
14.1400000000000	10.5271538791292
14.1500000000000	10.4279380764625
14.1600000000000	10.3030021898294
14.1700000000000	10.1525606066578
14.1800000000000	9.97689052458026
14.1900000000000	9.77633149578529
14.2000000000000	9.55128481805270
14.2100000000000	9.30221277342153
14.2200000000000	9.02963771581154
14.2300000000000	8.73414100929234
14.2400000000000	8.41636181906313
14.2500000000000	8.07699575757185
14.2600000000000	7.71679338856330
14.2700000000000	7.33655859220143
14.2800000000000	6.93714679475971
14.2900000000000	6.51946306671550
14.3000000000000	6.08446009341781
14.3100000000000	5.63313602282238
14.3200000000000	5.16653219510282
14.3300000000000	4.68573075925083
14.3400000000000	4.19185218207134
14.3500000000000	3.68605265525874
14.3600000000000	3.16952140650878
14.3700000000000	2.64347792087439
14.3800000000000	2.10916907881411
14.3900000000000	1.56786621760679
14.4000000000000	1.02086212301607
14.4100000000000	0.469467958281751
14.4200000000000	-0.0849898623076432
14.4300000000000	-0.641172847846521
14.4400000000000	-1.19773364569116
14.4500000000000	-1.75331928910399
14.4600000000000	-2.30657446987486
14.4700000000000	-2.85614482804309
14.4800000000000	-3.40068025077495
14.4900000000000	-3.93883817240129
14.5000000000000	-4.46928686758935
14.5100000000000	-4.99070872961161
14.5200000000000	-5.50180352568251
14.5300000000000	-6.00129162136223
14.5400000000000	-6.48791716607344
14.5500000000000	-6.96045123184439
14.5600000000000	-7.41769489747781
14.5700000000000	-7.85848227045066
14.5800000000000	-8.28168343897461
14.5900000000000	-8.68620734679059
14.6000000000000	-9.07100458343299
14.6100000000000	-9.43507008287928
14.6200000000000	-9.77744572369935
14.6300000000000	-10.0972228240342
14.6400000000000	-10.3935445249667
14.6500000000000	-10.6656080560958
14.6600000000000	-10.9126668773909
14.6700000000000	-11.1340326916843
14.6800000000000	-11.3290773224521
14.6900000000000	-11.4972344518476
14.7000000000000	-11.6380012142680
14.7100000000000	-11.7509396410764
14.7200000000000	-11.8356779524431
14.7300000000000	-11.8919116926300
14.7400000000000	-11.9194047054116
14.7500000000000	-11.9179899467004
14.7600000000000	-11.8875701318332
14.7700000000000	-11.8281182153665
14.7800000000000	-11.7396777016305
14.7900000000000	-11.6223627846954
14.8000000000000	-11.4763583168160
14.8100000000000	-11.3019196048332
14.8200000000000	-11.0993720344284
14.8300000000000	-10.8691105225454
14.8400000000000	-10.6115987987133
14.8500000000000	-10.3273685164231
14.8600000000000	-10.0170181961284
14.8700000000000	-9.68121200185452
14.8800000000000	-9.32067835381460
14.8900000000000	-8.93620837983609
14.9000000000000	-8.52865420880440
14.9100000000000	-8.09892710972606
14.9200000000000	-7.64799548040138
14.9300000000000	-7.17688269007693
14.9400000000000	-6.68666478081851
14.9500000000000	-6.17846803270555
14.9600000000000	-5.65346639829711
14.9700000000000	-5.11287881215664
14.9800000000000	-4.55796638154696
14.9900000000000	-3.99002946471731
15	-3.41040464350016