t y
0	1
0.0100000000000000	0.999966666666667
0.0200000000000000	0.999746928044444
0.0300000000000000	0.999173858093952
0.0400000000000000	0.998100149204700
0.0500000000000000	0.996396251921837
0.0600000000000000	0.993948717636449
0.0700000000000000	0.990658721222573
0.0800000000000000	0.986440743162938
0.0900000000000000	0.981221392981538
0.100000000000000	0.974938357825753
0.110000000000000	0.967539461841826
0.120000000000000	0.958981823589680
0.130000000000000	0.949231100168504
0.140000000000000	0.938260807992685
0.150000000000000	0.926051711286024
0.160000000000000	0.912591270366166
0.170000000000000	0.897873142684538
0.180000000000000	0.881896730382137
0.190000000000000	0.864666768829038
0.200000000000000	0.846192951245186
0.210000000000000	0.826489585060543
0.220000000000000	0.805575276171532
0.230000000000000	0.783472637694862
0.240000000000000	0.760208020215141
0.250000000000000	0.735811260874719
0.260000000000000	0.710315448967509
0.270000000000000	0.683756705977642
0.280000000000000	0.656173978252156
0.290000000000000	0.627608840718204
0.300000000000000	0.598105310252154
0.310000000000000	0.567709667483364
0.320000000000000	0.536470285971497
0.330000000000000	0.504437467835245
0.340000000000000	0.471663285034017
0.350000000000000	0.438201425614204
0.360000000000000	0.404107044329601
0.370000000000000	0.369436617132597
0.380000000000000	0.334247799110188
0.390000000000000	0.298599285507636
0.400000000000000	0.262550675543615
0.410000000000000	0.226162338774879
0.420000000000000	0.189495283816436
0.430000000000000	0.152611029265681
0.440000000000000	0.115571476716452
0.450000000000000	0.0784387857820561
0.460000000000000	0.0412752510754151
0.470000000000000	0.00414318112002583
0.480000000000000	-0.0328952208122455
0.490000000000000	-0.0697779739210547
0.500000000000000	-0.106443435122820
0.510000000000000	-0.142830412274458
0.520000000000000	-0.178878275316329
0.530000000000000	-0.214527065264631
0.540000000000000	-0.249717600974628
0.550000000000000	-0.284391583588929
0.560000000000000	-0.318491698579146
0.570000000000000	-0.351961715284742
0.580000000000000	-0.384746583849481
0.590000000000000	-0.416792529453524
0.600000000000000	-0.448047143737877
0.610000000000000	-0.478459473317347
0.620000000000000	-0.507980105278454
0.630000000000000	-0.536561249559746
0.640000000000000	-0.564156818113636
0.650000000000000	-0.590722500751119
0.660000000000000	-0.616215837573551
0.670000000000000	-0.640596287898957
0.680000000000000	-0.663825295594113
0.690000000000000	-0.685866350727801
0.700000000000000	-0.706685047465166
0.710000000000000	-0.726249138128017
0.720000000000000	-0.744528583351069
0.730000000000000	-0.761495598269584
0.740000000000000	-0.777124694679606
0.750000000000000	-0.791392719117865
0.760000000000000	-0.804278886814578
0.770000000000000	-0.815764811478649
0.780000000000000	-0.825834530881209
0.790000000000000	-0.834474528209995
0.800000000000000	-0.841673749173726
0.810000000000000	-0.847423614842403
0.820000000000000	-0.851718030216250
0.830000000000000	-0.854553388522891
0.840000000000000	-0.855928571249240
0.850000000000000	-0.855844943921503
0.860000000000000	-0.854306347653558
0.870000000000000	-0.851319086490914
0.880000000000000	-0.846891910584226
0.890000000000000	-0.841035995233211
0.900000000000000	-0.833764915848507
0.910000000000000	-0.825094618885661
0.920000000000000	-0.815043388812042
0.930000000000000	-0.803631811173894
0.940000000000000	-0.790882731837110
0.950000000000000	-0.776821212481523
0.960000000000000	-0.761474482434595
0.970000000000000	-0.744871886936275
0.980000000000000	-0.727044831932623
0.990000000000000	-0.708026725501318
1	-0.687852916017642
1.01000000000000	-0.666560627174690
1.02000000000000	-0.644188889976620
1.03000000000000	-0.620778471828535
1.04000000000000	-0.596371802851185
1.05000000000000	-0.571012899553039
1.06000000000000	-0.544747285996410
1.07000000000000	-0.517621912598205
1.08000000000000	-0.489685072709500
1.09000000000000	-0.460986317121575
1.10000000000000	-0.431576366649116
1.11000000000000	-0.401507022944223
1.12000000000000	-0.370831077697429
1.13000000000000	-0.339602220384289
1.14000000000000	-0.307874944718156
1.15000000000000	-0.275704453971532
1.16000000000000	-0.243146565329915
1.17000000000000	-0.210257613443244
1.18000000000000	-0.177094353341030
1.19000000000000	-0.143713862877880
1.20000000000000	-0.110173444876512
1.21000000000000	-0.0765305291354371
1.22000000000000	-0.0428425744682950
1.23000000000000	-0.00916697094134517
1.24000000000000	0.0244390575251496
1.25000000000000	0.0579185500269414
1.26000000000000	0.0912149048538375
1.27000000000000	0.124271974813972
1.28000000000000	0.157034161544381
1.29000000000000	0.189446508650081
1.30000000000000	0.221454793516255
1.31000000000000	0.253005617640771
1.32000000000000	0.284046495337209
1.33000000000000	0.314525940661672
1.34000000000000	0.344393552420080
1.35000000000000	0.373600097116276
1.36000000000000	0.402097589705094
1.37000000000000	0.429839372018661
1.38000000000000	0.456780188738457
1.39000000000000	0.482876260790176
1.40000000000000	0.508085356043108
1.41000000000000	0.532366857200664
1.42000000000000	0.555681826773701
1.43000000000000	0.577993069033571
1.44000000000000	0.599265188847186
1.45000000000000	0.619464647301947
1.46000000000000	0.638559814034104
1.47000000000000	0.656521016179873
1.48000000000000	0.673320583874666
1.49000000000000	0.688932892231774
1.50000000000000	0.703334399738043
1.51000000000000	0.716503683010326
1.52000000000000	0.728421467862819
1.53000000000000	0.739070656641780
1.54000000000000	0.748436351790609
1.55000000000000	0.756505875614749
1.56000000000000	0.763268786222412
1.57000000000000	0.768716889623699
1.58000000000000	0.772844247977261
1.59000000000000	0.775647183980220
1.60000000000000	0.777124281403635
1.61000000000000	0.777276381782361
1.62000000000000	0.776106577274634
1.63000000000000	0.773620199713235
1.64000000000000	0.769824805876451
1.65000000000000	0.764730159013457
1.66000000000000	0.758348206664984
1.67000000000000	0.750693054826372
1.68000000000000	0.741780938506155
1.69000000000000	0.731630188739381
1.70000000000000	0.720261196120695
1.71000000000000	0.707696370927993
1.72000000000000	0.693960099913073
1.73000000000000	0.679078699841159
1.74000000000000	0.663080367866536
1.75000000000000	0.645995128836642
1.76000000000000	0.627854779621998
1.77000000000000	0.608692830574137
1.78000000000000	0.588544444218328
1.79000000000000	0.567446371292327
1.80000000000000	0.545436884246609
1.81000000000000	0.522555708325564
1.82000000000000	0.498843950352949
1.83000000000000	0.474344025348486
1.84000000000000	0.449099581105841
1.85000000000000	0.423155420865397
1.86000000000000	0.396557424218080
1.87000000000000	0.369352466379221
1.88000000000000	0.341588335973796
1.89000000000000	0.313313651476617
1.90000000000000	0.284577776452920
1.91000000000000	0.255430733746512
1.92000000000000	0.225923118764016
1.93000000000000	0.196106012004946
1.94000000000000	0.166030890988230
1.95000000000000	0.135749541726458
1.96000000000000	0.105313969899486
1.97000000000000	0.0747763118792133
1.98000000000000	0.0441887457571514
1.99000000000000	0.0136034025260700
2	-0.0169277224336718
2.01000000000000	-0.0473528574133859
2.02000000000000	-0.0776205418323388
2.03000000000000	-0.107679712943892
2.04000000000000	-0.137479791645975
2.05000000000000	-0.166970767252269
2.06000000000000	-0.196103281082596
2.07000000000000	-0.224828708733375
2.08000000000000	-0.253099240891626
2.09000000000000	-0.280867962558782
2.10000000000000	-0.308088930553650
2.11000000000000	-0.334717249167103
2.12000000000000	-0.360709143844534
2.13000000000000	-0.386022032775812
2.14000000000000	-0.410614596276281
2.15000000000000	-0.434446843846461
2.16000000000000	-0.457480178802284
2.17000000000000	-0.479677460372128
2.18000000000000	-0.501003063161490
2.19000000000000	-0.521422933890844
2.20000000000000	-0.540904645317107
2.21000000000000	-0.559417447254185
2.22000000000000	-0.576932314613151
2.23000000000000	-0.593421992387957
2.24000000000000	-0.608861037517884
2.25000000000000	-0.623225857563476
2.26000000000000	-0.636494746138253
2.27000000000000	-0.648647915044163
2.28000000000000	-0.659667523064479
2.29000000000000	-0.669537701373637
2.30000000000000	-0.678244575529365
2.31000000000000	-0.685776284018364
2.32000000000000	-0.692122993332720
2.33000000000000	-0.697276909560183
2.34000000000000	-0.701232286477432
2.35000000000000	-0.703985430141408
2.36000000000000	-0.705534699979757
2.37000000000000	-0.705880506387393
2.38000000000000	-0.705025304842094
2.39000000000000	-0.702973586557942
2.40000000000000	-0.699731865701261
2.41000000000000	-0.695308663199462
2.42000000000000	-0.689714487178964
2.43000000000000	-0.682961810073952
2.44000000000000	-0.675065042453325
2.45000000000000	-0.666040503618635
2.46000000000000	-0.655906389031150
2.47000000000000	-0.644682734631471
2.48000000000000	-0.632391378120203
2.49000000000000	-0.619055917273199
2.50000000000000	-0.604701665369754
2.51000000000000	-0.589355603816833
2.52000000000000	-0.573046332056957
2.53000000000000	-0.555804014851802
2.54000000000000	-0.537660327037757
2.55000000000000	-0.518648395853778
2.56000000000000	-0.498802740945716
2.57000000000000	-0.478159212155012
2.58000000000000	-0.456754925203117
2.59000000000000	-0.434628195386331
2.60000000000000	-0.411818469398799
2.61000000000000	-0.388366255404329
2.62000000000000	-0.364313051480344
2.63000000000000	-0.339701272559748
2.64000000000000	-0.314574175998716
2.65000000000000	-0.288975785900425
2.66000000000000	-0.262950816326553
2.67000000000000	-0.236544593529898
2.68000000000000	-0.209802977342818
2.69000000000000	-0.182772281857282
2.70000000000000	-0.155499195533187
2.71000000000000	-0.128030700872207
2.72000000000000	-0.100413993794853
2.73000000000000	-0.0726964028585661
2.74000000000000	-0.0449253084545860
2.75000000000000	-0.0171480621210395
2.76000000000000	0.0105880938908731
2.77000000000000	0.0382361066614717
2.78000000000000	0.0657491921228687
2.79000000000000	0.0930809139210424
2.80000000000000	0.120185261487298
2.81000000000000	0.147016727188375
2.82000000000000	0.173530382426371
2.83000000000000	0.199681952561734
2.84000000000000	0.225427890534938
2.85000000000000	0.250725449064946
2.86000000000000	0.275532751305318
2.87000000000000	0.299808859841721
2.88000000000000	0.323513843917752
2.89000000000000	0.346608844779225
2.90000000000000	0.369056139030610
2.91000000000000	0.390819199900918
2.92000000000000	0.411862756320158
2.93000000000000	0.432152849711463
2.94000000000000	0.451656888408104
2.95000000000000	0.470343699608877
2.96000000000000	0.488183578789753
2.97000000000000	0.505148336494222
2.98000000000000	0.521211342429396
2.99000000000000	0.536347566799721
3	0.550533618815009
3.01000000000000	0.563747782314454
3.02000000000000	0.575970048453373
3.03000000000000	0.587182145404510
3.04000000000000	0.597367565030974
3.05000000000000	0.606511586493098
3.06000000000000	0.614601296756857
3.07000000000000	0.621625607976797
3.08000000000000	0.627575271731835
3.09000000000000	0.632442890097678
3.10000000000000	0.636222923545041
3.11000000000000	0.638911695658260
3.12000000000000	0.640507394674317
3.13000000000000	0.641010071847700
3.14000000000000	0.640421636651918
3.15000000000000	0.638745848833806
3.16000000000000	0.635988307342111
3.17000000000000	0.632156436157072
3.18000000000000	0.627259467052928
3.19000000000000	0.621308419330424
3.20000000000000	0.614316076561421
3.21000000000000	0.606296960392725
3.22000000000000	0.597267301461086
3.23000000000000	0.587245007476149
3.24000000000000	0.576249628532761
3.25000000000000	0.564302319718633
3.26000000000000	0.551425801087759
3.27000000000000	0.537644315074318
3.28000000000000	0.522983581425924
3.29000000000000	0.507470749739130
3.30000000000000	0.491134349683943
3.31000000000000	0.474004239007821
3.32000000000000	0.456111549413179
3.33000000000000	0.437488630405788
3.34000000000000	0.418168991214675
3.35000000000000	0.398187240887151
3.36000000000000	0.377579026665422
3.37000000000000	0.356380970753909
3.38000000000000	0.334630605588850
3.39000000000000	0.312366307724028
3.40000000000000	0.289627230448534
3.41000000000000	0.266453235254323
3.42000000000000	0.242884822273009
3.43000000000000	0.218963059802757
3.44000000000000	0.194729513047407
3.45000000000000	0.170226172190966
3.46000000000000	0.145495379931448
3.47000000000000	0.120579758598628
3.48000000000000	0.0955221369806784
3.49000000000000	0.0703654769848323
3.50000000000000	0.0451528002571863
3.51000000000000	0.0199271148865048
3.52000000000000	-0.00526865768356824
3.53000000000000	-0.0303917554101533
3.54000000000000	-0.0553996479517776
3.55000000000000	-0.0802501083922398
3.56000000000000	-0.104901284267212
3.57000000000000	-0.129311767774585
3.58000000000000	-0.153440665051242
3.59000000000000	-0.177247664400857
3.60000000000000	-0.200693103359337
3.61000000000000	-0.223738034486867
3.62000000000000	-0.246344289777872
3.63000000000000	-0.268474543582924
3.64000000000000	-0.290092373939344
3.65000000000000	-0.311162322210277
3.66000000000000	-0.331649950935092
3.67000000000000	-0.351521899797302
3.68000000000000	-0.370745939619585
3.69000000000000	-0.389291024299106
3.70000000000000	-0.407127340600046
3.71000000000000	-0.424226355724097
3.72000000000000	-0.440560862583668
3.73000000000000	-0.456105022706632
3.74000000000000	-0.470834406705664
3.75000000000000	-0.484726032249519
3.76000000000000	-0.497758399478011
3.77000000000000	-0.509911523806939
3.78000000000000	-0.521166966073801
3.79000000000000	-0.531507859979746
3.80000000000000	-0.540918936787962
3.81000000000000	-0.549386547243440
3.82000000000000	-0.556898680683874
3.83000000000000	-0.563444981316301
3.84000000000000	-0.569016761638988
3.85000000000000	-0.573607012992957
3.86000000000000	-0.577210413232466
3.87000000000000	-0.579823331508698
3.88000000000000	-0.581443830165817
3.89000000000000	-0.582071663753475
3.90000000000000	-0.581708275164739
3.91000000000000	-0.580356788913273
3.92000000000000	-0.578022001568444
3.93000000000000	-0.574710369371796
3.94000000000000	-0.570429993063077
3.95000000000000	-0.565190599948671
3.96000000000000	-0.559003523249907
3.97000000000000	-0.551881678773219
3.98000000000000	-0.543839538948607
3.99000000000000	-0.534893104287189
4	-0.525059872312903
4.01000000000000	-0.514358804027565
4.02000000000000	-0.502810287972531
4.03000000000000	-0.490436101954156
4.04000000000000	-0.477259372504028
4.05000000000000	-0.463304532148617
4.06000000000000	-0.448597274566550
4.07000000000000	-0.433164507715084
4.08000000000000	-0.417034305010603
4.09000000000000	-0.400235854651072
4.10000000000000	-0.382799407171302
4.11000000000000	-0.364756221324666
4.12000000000000	-0.346138508387502
4.13000000000000	-0.326979374984895
4.14000000000000	-0.307312764538780
4.15000000000000	-0.287173397441391
4.16000000000000	-0.266596710059018
4.17000000000000	-0.245618792672709
4.18000000000000	-0.224276326464137
4.19000000000000	-0.202606519656179
4.20000000000000	-0.180647042918910
4.21000000000000	-0.158435964152699
4.22000000000000	-0.136011682760871
4.23000000000000	-0.113412863524951
4.24000000000000	-0.0906783701959508
4.25000000000000	-0.0678471989152973
4.26000000000000	-0.0449584115790493
4.27000000000000	-0.0220510692588294
4.28000000000000	0.000835834207471735
4.29000000000000	0.0236634383427384
4.30000000000000	0.0463930817637076
4.31000000000000	0.0689863674093163
4.32000000000000	0.0914052271546965
4.33000000000000	0.113611985702513
4.34000000000000	0.135569423644845
4.35000000000000	0.157240839590491
4.36000000000000	0.178590111254434
4.37000000000000	0.199581755408227
4.38000000000000	0.220180986592244
4.39000000000000	0.240353774493124
4.40000000000000	0.260066899892210
4.41000000000000	0.279288009093490
4.42000000000000	0.297985666742334
4.43000000000000	0.316129406949305
4.44000000000000	0.333689782636405
4.45000000000000	0.350638413026352
4.46000000000000	0.366948029198846
4.47000000000000	0.382592517641257
4.48000000000000	0.397546961724758
4.49000000000000	0.411787681040646
4.50000000000000	0.425292268535355
4.51000000000000	0.438039625386632
4.52000000000000	0.450009993567244
4.53000000000000	0.461184986046747
4.54000000000000	0.471547614585901
4.55000000000000	0.481082315082592
4.56000000000000	0.489774970432342
4.57000000000000	0.497612930870835
4.58000000000000	0.504585031770236
4.59000000000000	0.510681608865481
4.60000000000000	0.515894510891167
4.61000000000000	0.520217109614079
4.62000000000000	0.523644307250902
4.63000000000000	0.526172541265117
4.64000000000000	0.527799786541543
4.65000000000000	0.528525554941472
4.66000000000000	0.528350892245767
4.67000000000000	0.527278372497734
4.68000000000000	0.525312089761955
4.69000000000000	0.522457647319633
4.70000000000000	0.518722144325306
4.71000000000000	0.514114159954016
4.72000000000000	0.508643735072265
4.73000000000000	0.502322351470149
4.74000000000000	0.495162908696174
4.75000000000000	0.487179698540180
4.76000000000000	0.478388377213727
4.77000000000000	0.468805935281040
4.78000000000000	0.458450665397345
4.79000000000000	0.447342127914986
4.80000000000000	0.435501114421180
4.81000000000000	0.422949609274655
4.82000000000000	0.409710749211605
4.83000000000000	0.395808781094539
4.84000000000000	0.381269017880545
4.85000000000000	0.366117792888338
4.86000000000000	0.350382412446148
4.87000000000000	0.334091107005059
4.88000000000000	0.317272980804776
4.89000000000000	0.299957960181084
4.90000000000000	0.282176740606301
4.91000000000000	0.263960732555977
4.92000000000000	0.245342006296860
4.93000000000000	0.226353235692691
4.94000000000000	0.207027641125899
4.95000000000000	0.187398931634434
4.96000000000000	0.167501246364134
4.97000000000000	0.147369095437877
4.98000000000000	0.127037300343536
4.99000000000000	0.106540933943311
5	0.0859152602073766
5.01000000000000	0.0651956737750215
5.02000000000000	0.0444176394464673
5.03000000000000	0.0236166317084150
5.04000000000000	0.00282807439605879
5.05000000000000	-0.0179127194061976
5.06000000000000	-0.0385706071237417
5.07000000000000	-0.0591106760097302
5.08000000000000	-0.0794983019223072
5.09000000000000	-0.0996992074624980
5.10000000000000	-0.119679519375548
5.11000000000000	-0.139405825119979
5.12000000000000	-0.158845228510283
5.13000000000000	-0.177965404341006
5.14000000000000	-0.196734651901904
5.15000000000000	-0.215121947296019
5.16000000000000	-0.233096994474721
5.17000000000000	-0.250630274906211
5.18000000000000	-0.267693095796495
5.19000000000000	-0.284257636784489
5.20000000000000	-0.300296995035736
5.21000000000000	-0.315785228662120
5.22000000000000	-0.330697398397972
5.23000000000000	-0.345009607466139
5.24000000000000	-0.358699039570793
5.25000000000000	-0.371743994957151
5.26000000000000	-0.384123924481647
5.27000000000000	-0.395819461639701
5.28000000000000	-0.406812452501768
5.29000000000000	-0.417085983512075
5.30000000000000	-0.426624407108180
5.31000000000000	-0.435413365123308
5.32000000000000	-0.443439809937290
5.33000000000000	-0.450692023345820
5.34000000000000	-0.457159633121741
5.35000000000000	-0.462833627246016
5.36000000000000	-0.467706365790106
5.37000000000000	-0.471771590435472
5.38000000000000	-0.475024431619998
5.39000000000000	-0.477461413305191
5.40000000000000	-0.479080455362064
5.41000000000000	-0.479880873577670
5.42000000000000	-0.479863377288289
5.43000000000000	-0.479030064649301
5.44000000000000	-0.477384415555755
5.45000000000000	-0.474931282231624
5.46000000000000	-0.471676877509625
5.47000000000000	-0.467628760827385
5.48000000000000	-0.462795821969530
5.49000000000000	-0.457188262589045
5.50000000000000	-0.450817575544928
5.51000000000000	-0.443696522096800
5.52000000000000	-0.435839107000662
5.53000000000000	-0.427260551553446
5.54000000000000	-0.417977264637375
5.55000000000000	-0.408006811818428
5.56000000000000	-0.397367882556364
5.57000000000000	-0.386080255586832
5.58000000000000	-0.374164762539040
5.59000000000000	-0.361643249855314
5.60000000000000	-0.348538539081582
5.61000000000000	-0.334874385600400
5.62000000000000	-0.320675435880651
5.63000000000000	-0.305967183320325
5.64000000000000	-0.290775922761026
5.65000000000000	-0.275128703754898
5.66000000000000	-0.259053282666581
5.67000000000000	-0.242578073694574
5.68000000000000	-0.225732098898016
5.69000000000000	-0.208544937316362
5.70000000000000	-0.191046673270757
5.71000000000000	-0.173267843937072
5.72000000000000	-0.155239386281578
5.73000000000000	-0.136992583451095
5.74000000000000	-0.118559010710142
5.75000000000000	-0.0999704810181467
5.76000000000000	-0.0812589903401519
5.77000000000000	-0.0624566627846896
5.78000000000000	-0.0435956956625184
5.79000000000000	-0.0247083045598452
5.80000000000000	-0.00582666851937915
5.81000000000000	0.0130171245778538
5.82000000000000	0.0317911323375808
5.83000000000000	0.0504636117926144
5.84000000000000	0.0690030728677117
5.85000000000000	0.0873783312792623
5.86000000000000	0.105558560781294
5.87000000000000	0.123513344670621
5.88000000000000	0.141212726465440
5.89000000000000	0.158627259673303
5.90000000000000	0.175728056566146
5.91000000000000	0.192486835881972
5.92000000000000	0.208875969374785
5.93000000000000	0.224868527136559
5.94000000000000	0.240438321617274
5.95000000000000	0.255559950271488
5.96000000000000	0.270208836762393
5.97000000000000	0.284361270656964
5.98000000000000	0.297994445548509
5.99000000000000	0.311086495545808
6	0.323616530070899
6.01000000000000	0.335564666910658
6.02000000000000	0.346912063470368
6.03000000000000	0.357640946180711
6.04000000000000	0.367734638012835
6.05000000000000	0.377177584059509
6.06000000000000	0.385955375143764
6.07000000000000	0.394054769419866
6.08000000000000	0.401463711934977
6.09000000000000	0.408171352123393
6.10000000000000	0.414168059208858
6.11000000000000	0.419445435494041
6.12000000000000	0.423996327519941
6.13000000000000	0.427814835081615
6.14000000000000	0.430896318090346
6.15000000000000	0.433237401276002
6.16000000000000	0.434835976727072
6.17000000000000	0.435691204269532
6.18000000000000	0.435803509689337
6.19000000000000	0.435174580807048
6.20000000000000	0.433807361416670
6.21000000000000	0.431706043104430
6.22000000000000	0.428876054966749
6.23000000000000	0.425324051250211
6.24000000000000	0.421057896939799
6.25000000000000	0.416086651325086
6.26000000000000	0.410420549577434
6.27000000000000	0.404070982374557
6.28000000000000	0.397050473612030
6.29000000000000	0.389372656244469
6.30000000000000	0.381052246302187
6.31000000000000	0.372105015132136
6.32000000000000	0.362547759914783
6.33000000000000	0.352398272511453
6.34000000000000	0.341675306699287
6.35000000000000	0.330398543853621
6.36000000000000	0.318588557140058
6.37000000000000	0.306266774280870
6.38000000000000	0.293455438962657
6.39000000000000	0.280177570954293
6.40000000000000	0.266456925006250
6.41000000000000	0.252317948604242
6.42000000000000	0.237785738651925
6.43000000000000	0.222885997159004
6.44000000000000	0.207644986012601
6.45000000000000	0.192089480911101
6.46000000000000	0.176246724540922
6.47000000000000	0.160144379077709
6.48000000000000	0.143810478094457
6.49000000000000	0.127273377959782
6.50000000000000	0.110561708810302
6.51000000000000	0.0937043251815357
6.52000000000000	0.0767302563821311
6.53000000000000	0.0596686566964437
6.54000000000000	0.0425487555005621
6.55000000000000	0.0253998073768155
6.56000000000000	0.00825104231157879
6.57000000000000	-0.00886838393915975
6.58000000000000	-0.0259294392325057
6.59000000000000	-0.0429032640863162
6.60000000000000	-0.0597612203092657
6.61000000000000	-0.0764749391316946
6.62000000000000	-0.0930163687566716
6.63000000000000	-0.109357821251891
6.64000000000000	-0.125472018704343
6.65000000000000	-0.141332138561157
6.66000000000000	-0.156911858081578
6.67000000000000	-0.172185397826756
6.68000000000000	-0.187127564115833
6.69000000000000	-0.201713790378762
6.70000000000000	-0.215920177338346
6.71000000000000	-0.229723531956126
6.72000000000000	-0.243101405079040
6.73000000000000	-0.256032127726132
6.74000000000000	-0.268494845957049
6.75000000000000	-0.280469554266637
6.76000000000000	-0.291937127452574
6.77000000000000	-0.302879350905738
6.78000000000000	-0.313278949275786
6.79000000000000	-0.323119613467313
6.80000000000000	-0.332386025924936
6.81000000000000	-0.341063884168605
6.82000000000000	-0.349139922543591
6.83000000000000	-0.356601932152652
6.84000000000000	-0.363438778941111
6.85000000000000	-0.369640419908753
6.86000000000000	-0.375197917425722
6.87000000000000	-0.380103451632871
6.88000000000000	-0.384350330910329
6.89000000000000	-0.387933000401362
6.90000000000000	-0.390847048581974
6.91000000000000	-0.393089211869990
6.92000000000000	-0.394657377270774
6.93000000000000	-0.395550583060033
6.94000000000000	-0.395769017507501
6.95000000000000	-0.395314015648652
6.96000000000000	-0.394188054114848
6.97000000000000	-0.392394744035622
6.98000000000000	-0.389938822030051
6.99000000000000	-0.386826139307360
7	-0.383063648900065
7.01000000000000	-0.378659391056095
7.02000000000000	-0.373622476819373
7.03000000000000	-0.367963069831369
7.04000000000000	-0.361692366389042
7.05000000000000	-0.354822573797513
7.06000000000000	-0.347366887058557
7.07000000000000	-0.339339463938790
7.08000000000000	-0.330755398463997
7.09000000000000	-0.321630692888689
7.10000000000000	-0.311982228192366
7.11000000000000	-0.301827733156398
7.12000000000000	-0.291185752077675
7.13000000000000	-0.280075611177371
7.14000000000000	-0.268517383765237
7.15000000000000	-0.256531854221792
7.16000000000000	-0.244140480862639
7.17000000000000	-0.231365357750878
7.18000000000000	-0.218229175525192
7.19000000000000	-0.204755181312701
7.20000000000000	-0.190967137797057
7.21000000000000	-0.176889281513501
7.22000000000000	-0.162546280443750
7.23000000000000	-0.147963190984578
7.24000000000000	-0.133165414364835
7.25000000000000	-0.118178652586410
7.26000000000000	-0.103028863965226
7.27000000000000	-0.0877422183489022
7.28000000000000	-0.0723450520880027
7.29000000000000	-0.0568638228380830
7.30000000000000	-0.0413250642697883
7.31000000000000	-0.0257553407642463
7.32000000000000	-0.0101812021708160
7.33000000000000	0.00537086129604474
7.34000000000000	0.0208744639444599
7.35000000000000	0.0363033692015921
7.36000000000000	0.0516315338437890
7.37000000000000	0.0668331517861457
7.38000000000000	0.0818826973581472
7.39000000000000	0.0967549679931129
7.40000000000000	0.111425126260345
7.41000000000000	0.125868741170184
7.42000000000000	0.140061828683572
7.43000000000000	0.153980891359281
7.44000000000000	0.167602957073560
7.45000000000000	0.180905616748724
7.46000000000000	0.193867061029046
7.47000000000000	0.206466115844260
7.48000000000000	0.218682276803010
7.49000000000000	0.230495742360752
7.50000000000000	0.241887445708788
7.51000000000000	0.252839085333479
7.52000000000000	0.263333154197014
7.53000000000000	0.273352967493626
7.54000000000000	0.282882688937670
7.55000000000000	0.291907355542560
7.56000000000000	0.300412900852278
7.57000000000000	0.308386176589846
7.58000000000000	0.315814972689981
7.59000000000000	0.322688035685942
7.60000000000000	0.328995085423473
7.61000000000000	0.334726830077671
7.62000000000000	0.339874979451511
7.63000000000000	0.344432256537793
7.64000000000000	0.348392407329224
7.65000000000000	0.351750208864398
7.66000000000000	0.354501475500444
7.67000000000000	0.356643063406178
7.68000000000000	0.358172873272607
7.69000000000000	0.359089851240685
7.70000000000000	0.359393988049261
7.71000000000000	0.359086316409164
7.72000000000000	0.358168906612365
7.73000000000000	0.356644860388168
7.74000000000000	0.354518303021282
7.75000000000000	0.351794373749596
7.76000000000000	0.348479214462305
7.77000000000000	0.344579956721932
7.78000000000000	0.340104707136520
7.79000000000000	0.335062531111061
7.80000000000000	0.329463435009863
7.81000000000000	0.323318346764229
7.82000000000000	0.316639094962321
7.83000000000000	0.309438386460617
7.84000000000000	0.301729782558763
7.85000000000000	0.293527673781952
7.86000000000000	0.284847253317237
7.87000000000000	0.275704489152333
7.88000000000000	0.266116094967573
7.89000000000000	0.256099499833648
7.90000000000000	0.245672816769678
7.91000000000000	0.234854810217948
7.92000000000000	0.223664862493359
7.93000000000000	0.212122939267211
7.94000000000000	0.200249554146460
7.95000000000000	0.188065732410955
7.96000000000000	0.175592973972434
7.97000000000000	0.162853215620225
7.98000000000000	0.149868792619648
7.99000000000000	0.136662399730044
8	0.123257051710176
8.01000000000000	0.109676043379444
8.02000000000000	0.0959429093039448
8.03000000000000	0.0820813831768662
8.04000000000000	0.0681153569630454
8.05000000000000	0.0540688398777568
8.06000000000000	0.0399659172698871
8.07000000000000	0.0258307094796496
8.08000000000000	0.0116873307408489
8.09000000000000	-0.00244015180254009
8.10000000000000	-0.0165277588960892
8.11000000000000	-0.0305516397220274
8.12000000000000	-0.0444881121254456
8.13000000000000	-0.0583137024520135
8.14000000000000	-0.0720051849304616
8.15000000000000	-0.0855396205340200
8.16000000000000	-0.0988943952560591
8.17000000000000	-0.112047257736341
8.18000000000000	-0.124976356175545
8.19000000000000	-0.137660274477118
8.20000000000000	-0.150078067556938
8.21000000000000	-0.162209295762877
8.22000000000000	-0.174034058347986
8.23000000000000	-0.185533025942793
8.24000000000000	-0.196687471974021
8.25000000000000	-0.207479302978989
8.26000000000000	-0.217891087766939
8.27000000000000	-0.227906085380622
8.28000000000000	-0.237508271813655
8.29000000000000	-0.246682365441338
8.30000000000000	-0.255413851124989
8.31000000000000	-0.263689002952130
8.32000000000000	-0.271494905577337
8.33000000000000	-0.278819474130999
8.34000000000000	-0.285651472665762
8.35000000000000	-0.291980531112985
8.36000000000000	-0.297797160724168
8.37000000000000	-0.303092767974899
8.38000000000000	-0.307859666911596
8.39000000000000	-0.312091089923978
8.40000000000000	-0.315781196928933
8.41000000000000	-0.318925082954177
8.42000000000000	-0.321518784112879
8.43000000000000	-0.323559281963140
8.44000000000000	-0.325044506249009
8.45000000000000	-0.325973336022472
8.46000000000000	-0.326345599148596
8.47000000000000	-0.326162070198749
8.48000000000000	-0.325424466739579
8.49000000000000	-0.324135444028092
8.50000000000000	-0.322298588125895
8.51000000000000	-0.319918407448303
8.52000000000000	-0.317000322766638
8.53000000000000	-0.313550655684630
8.54000000000000	-0.309576615612370
8.55000000000000	-0.305086285263758
8.56000000000000	-0.300088604705849
8.57000000000000	-0.294593353990862
8.58000000000000	-0.288611134403976
8.59000000000000	-0.282153348362296
8.60000000000000	-0.275232178002569
8.61000000000000	-0.267860562497376
8.62000000000000	-0.260052174141580
8.63000000000000	-0.251821393252806
8.64000000000000	-0.243183281931605
8.65000000000000	-0.234153556728827
8.66000000000000	-0.224748560269415
8.67000000000000	-0.214985231883513
8.68000000000000	-0.204881077297329
8.69000000000000	-0.194454137437669
8.70000000000000	-0.183722956405407
8.71000000000000	-0.172706548674462
8.72000000000000	-0.161424365573996
8.73000000000000	-0.149896261112630
8.74000000000000	-0.138142457204467
8.75000000000000	-0.126183508357529
8.76000000000000	-0.114040265886029
8.77000000000000	-0.101733841708517
8.78000000000000	-0.0892855717944915
8.79000000000000	-0.0767169793225253
8.80000000000000	-0.0640497376132704
8.81000000000000	-0.0513056329009259
8.82000000000000	-0.0385065270068792
8.83000000000000	-0.0256743199792287
8.84000000000000	-0.0128309127617937
8.85000000000000	1.83004399350283e-06
8.86000000000000	0.0128021172612351
8.87000000000000	0.0255482680011031
8.88000000000000	0.0382187482456408
8.89000000000000	0.0507922070883403
8.90000000000000	0.0632475125717489
8.91000000000000	0.0755637870621893
8.92000000000000	0.0877204421026221
8.93000000000000	0.0996972126857138
8.94000000000000	0.111474190890304
8.95000000000000	0.123031858825698
8.96000000000000	0.134351120829511
8.97000000000000	0.145413334866231
8.98000000000000	0.156200343075115
8.99000000000000	0.166694501417645
9	0.176878708376414
9.01000000000000	0.186736432659041
9.02000000000000	0.196251739862541
9.03000000000000	0.205409318055423
9.04000000000000	0.214194502236788
9.05000000000000	0.222593297633656
9.06000000000000	0.230592401799857
9.07000000000000	0.238179225481957
9.08000000000000	0.245341912219842
9.09000000000000	0.252069356651851
9.10000000000000	0.258351221496598
9.11000000000000	0.264177953185966
9.12000000000000	0.269540796126111
9.13000000000000	0.274431805565673
9.14000000000000	0.278843859052879
9.15000000000000	0.282770666465581
9.16000000000000	0.286206778600825
9.17000000000000	0.289147594312962
9.18000000000000	0.291589366191852
9.19000000000000	0.293529204775193
9.20000000000000	0.294965081291515
9.21000000000000	0.295895828932898
9.22000000000000	0.296321142658974
9.23000000000000	0.296241577536243
9.24000000000000	0.295658545619245
9.25000000000000	0.294574311382575
9.26000000000000	0.292991985715168
9.27000000000000	0.290915518490705
9.28000000000000	0.288349689730372
9.29000000000000	0.285300099376554
9.30000000000000	0.281773155698366
9.31000000000000	0.277776062352196
9.32000000000000	0.273316804122651
9.33000000000000	0.268404131371503
9.34000000000000	0.263047543224324
9.35000000000000	0.257257269526601
9.36000000000000	0.251044251603116
9.37000000000000	0.244420121856331
9.38000000000000	0.237397182241396
9.39000000000000	0.229988381657231
9.40000000000000	0.222207292294847
9.41000000000000	0.214068084985761
9.42000000000000	0.205585503594953
9.43000000000000	0.196774838504306
9.44000000000000	0.187651899233927
9.45000000000000	0.178232986250060
9.46000000000000	0.168534862009596
9.47000000000000	0.158574721292337
9.48000000000000	0.148370160873245
9.49000000000000	0.137939148587925
9.50000000000000	0.127299991845459
9.51000000000000	0.116471305643525
9.52000000000000	0.105471980141447
9.53000000000000	0.0943211478474172
9.54000000000000	0.0830381504766571
9.55000000000000	0.0716425055377002
9.56000000000000	0.0601538727042908
9.57000000000000	0.0485920200306149
9.58000000000000	0.0369767900677024
9.59000000000000	0.0253280659388565
9.60000000000000	0.0136657374318948
9.61000000000000	0.00200966716580718
9.62000000000000	-0.00962034311083311
9.63000000000000	-0.0212045860327396
9.64000000000000	-0.0327234818855630
9.65000000000000	-0.0441576115723802
9.66000000000000	-0.0554877492237344
9.67000000000000	-0.0666948943966841
9.68000000000000	-0.0777603038091561
9.69000000000000	-0.0886655225568224
9.70000000000000	-0.0993924147607361
9.71000000000000	-0.109923193595057
9.72000000000000	-0.120240450645385
9.73000000000000	-0.130327184549474
9.74000000000000	-0.140166828873452
9.75000000000000	-0.149743279178082
9.76000000000000	-0.159040919231097
9.77000000000000	-0.168044646323197
9.78000000000000	-0.176739895646940
9.79000000000000	-0.185112663699443
9.80000000000000	-0.193149530671577
9.81000000000000	-0.200837681788140
9.82000000000000	-0.208164927565406
9.83000000000000	-0.215119722954309
9.84000000000000	-0.221691185339568
9.85000000000000	-0.227869111367021
9.86000000000000	-0.233643992573529
9.87000000000000	-0.239007029795910
9.88000000000000	-0.243950146337483
9.89000000000000	-0.248465999872979
9.90000000000000	-0.252547993074786
9.91000000000000	-0.256190282945664
9.92000000000000	-0.259387788845364
9.93000000000000	-0.262136199200785
9.94000000000000	-0.264431976891610
9.95000000000000	-0.266272363305592
9.96000000000000	-0.267655381059973
9.97000000000000	-0.268579835387784
9.98000000000000	-0.269045314190039
9.99000000000000	-0.269052186757105
10	-0.268601601164799
10.0100000000000	-0.267695480352981
10.0200000000000	-0.266336516896644
10.0300000000000	-0.264528166481704
10.0400000000000	-0.262274640099843
10.0500000000000	-0.259580894978934
10.0600000000000	-0.256452624267650
10.0700000000000	-0.252896245494957
10.0800000000000	-0.248918887827195
10.0900000000000	-0.244528378147478
10.1000000000000	-0.239733225984028
10.1100000000000	-0.234542607316006
10.1200000000000	-0.228966347287199
10.1300000000000	-0.223014901859708
10.1400000000000	-0.216699338441532
10.1500000000000	-0.210031315523554
10.1600000000000	-0.203023061363074
10.1700000000000	-0.195687351752535
10.1800000000000	-0.188037486913551
10.1900000000000	-0.180087267557740
10.2000000000000	-0.171850970157161
10.2100000000000	-0.163343321468410
10.2200000000000	-0.154579472355567
10.2300000000000	-0.145574970958280
10.2400000000000	-0.136345735252254
10.2500000000000	-0.126908025050341
10.2600000000000	-0.117278413493249
10.2700000000000	-0.107473758079624
10.2800000000000	-0.0975111712859360
10.2900000000000	-0.0874079908271453
10.3000000000000	-0.0771817496096350
10.3100000000000	-0.0668501454282592
10.3200000000000	-0.0564310104596846
10.3300000000000	-0.0459422806044038
10.3400000000000	-0.0354019647299291
10.3500000000000	-0.0248281138677076
10.3600000000000	-0.0142387904162474
10.3700000000000	-0.00365203740279954
10.3800000000000	0.00691415214429286
10.3900000000000	0.0174418656607825
10.4000000000000	0.0279133012978596
10.4100000000000	0.0383107979087531
10.4200000000000	0.0486168647202789
10.4300000000000	0.0588142106396846
10.4400000000000	0.0688857731478847
10.4500000000000	0.0788147467310095
10.4600000000000	0.0885846108030943
10.4700000000000	0.0981791570737244
10.4800000000000	0.107582516315506
10.4900000000000	0.116779184487376
10.5000000000000	0.125754048170953
10.5100000000000	0.134492409278444
10.5200000000000	0.142980008991908
10.5300000000000	0.151203050895148
10.5400000000000	0.159148223260930
10.5500000000000	0.166802720457774
10.5600000000000	0.174154263442147
10.5700000000000	0.181191119303537
10.5800000000000	0.187902119831569
10.5900000000000	0.194276679076058
10.6000000000000	0.200304809872710
10.6100000000000	0.205977139308975
10.6200000000000	0.211284923106443
10.6300000000000	0.216220058898067
10.6400000000000	0.220775098380440
10.6500000000000	0.224943258323300
10.6600000000000	0.228718430420446
10.6700000000000	0.232095189968235
10.6800000000000	0.235068803359883
10.6900000000000	0.237635234385805
10.7000000000000	0.239791149332324
10.7100000000000	0.241533920873096
10.7200000000000	0.242861630749707
10.7300000000000	0.243773071239934
10.7400000000000	0.244267745414243
10.7500000000000	0.244345866183161
10.7600000000000	0.244008354140180
10.7700000000000	0.243256834206927
10.7800000000000	0.242093631089321
10.7900000000000	0.240521763555452
10.8000000000000	0.238544937547887
10.8100000000000	0.236167538145076
10.8200000000000	0.233394620388407
10.8300000000000	0.230231898993410
10.8400000000000	0.226685736965389
10.8500000000000	0.222763133141642
10.8600000000000	0.218471708684134
10.8700000000000	0.213819692548267
10.8800000000000	0.208815905955020
10.8900000000000	0.203469745895404
10.9000000000000	0.197791167697702
10.9100000000000	0.191790666689515
10.9200000000000	0.185479258988083
10.9300000000000	0.178868461453737
10.9400000000000	0.171970270842690
10.9500000000000	0.164797142196629
10.9600000000000	0.157361966507786
10.9700000000000	0.149678047699288
10.9800000000000	0.141759078961664
10.9900000000000	0.133619118487355
11	0.125272564646025
11.0100000000000	0.116734130644279
11.0200000000000	0.108018818714175
11.0300000000000	0.0991418938756190
11.0400000000000	0.0901188573183188
11.0500000000000	0.0809654194495148
11.0600000000000	0.0716974726541626
11.0700000000000	0.0623310638146029
11.0800000000000	0.0528823666370513
11.0900000000000	0.0433676538324455
11.1000000000000	0.0338032691993167
11.1100000000000	0.0242055996563976
11.1200000000000	0.0145910472726438
11.1300000000000	0.00497600134222968
11.1400000000000	-0.00462318944811738
11.1500000000000	-0.0141902447123562
11.1600000000000	-0.0237089798722143
11.1700000000000	-0.0331633334318161
11.1800000000000	-0.0425373939740733
11.1900000000000	-0.0518154268336413
11.2000000000000	-0.0609819004019110
11.2100000000000	-0.0700215120202423
11.2200000000000	-0.0789192134184580
11.2300000000000	-0.0876602356564966
11.2400000000000	-0.0962301135280760
11.2500000000000	-0.104614709386236
11.2600000000000	-0.112800236351716
11.2700000000000	-0.120773280866269
11.2800000000000	-0.128520824554216
11.2900000000000	-0.136030265356844
11.3000000000000	-0.143289437905520
11.3100000000000	-0.150286633100837
11.3200000000000	-0.157010616866499
11.3300000000000	-0.163450648048148
11.3400000000000	-0.169596495428862
11.3500000000000	-0.175438453834636
11.3600000000000	-0.180967359304751
11.3700000000000	-0.186174603303621
11.3800000000000	-0.191052145952363
11.3900000000000	-0.195592528260082
11.4000000000000	-0.199788883336605
11.4100000000000	-0.203634946570165
11.4200000000000	-0.207125064755369
11.4300000000000	-0.210254204158564
11.4400000000000	-0.213017957509589
11.4500000000000	-0.215412549910736
11.4600000000000	-0.217434843655610
11.4700000000000	-0.219082341952459
11.4800000000000	-0.220353191548403
11.4900000000000	-0.221246184252893
11.5000000000000	-0.221760757360580
11.5100000000000	-0.221896992975670
11.5200000000000	-0.221655616241683
11.5300000000000	-0.221037992482400
11.5400000000000	-0.220046123261607
11.5500000000000	-0.218682641371077
11.5600000000000	-0.216950804758010
11.5700000000000	-0.214854489404954
11.5800000000000	-0.212398181176944
11.5900000000000	-0.209586966652341
11.6000000000000	-0.206426522955537
11.6100000000000	-0.202923106611322
11.6200000000000	-0.199083541442345
11.6300000000000	-0.194915205532670
11.6400000000000	-0.190426017281941
11.6500000000000	-0.185624420576181
11.6600000000000	-0.180519369102653
11.6700000000000	-0.175120309837639
11.6800000000000	-0.169437165737279
11.6900000000000	-0.163480317662930
11.7000000000000	-0.157260585573707
11.7100000000000	-0.150789209020031
11.7200000000000	-0.144077826973124
11.7300000000000	-0.137138457026413
11.7400000000000	-0.129983474005815
11.7500000000000	-0.122625588026728
11.7600000000000	-0.115077822036480
11.7700000000000	-0.107353488881674
11.7800000000000	-0.0994661679406582
11.7900000000000	-0.0914296813619271
11.8000000000000	-0.0832580699498555
11.8100000000000	-0.0749655687396615
11.8200000000000	-0.0665665823039046
11.8300000000000	-0.0580756598331858
11.8400000000000	-0.0495074700339861
11.8500000000000	-0.0408767758867860
11.8600000000000	-0.0321984093077340
11.8700000000000	-0.0234872457571893
11.8800000000000	-0.0147581788384423
11.8900000000000	-0.00602609492982627
11.9000000000000	0.00269415210673561
11.9100000000000	0.0113877660979396
11.9200000000000	0.0200400335695716
11.9300000000000	0.0286363485531238
11.9400000000000	0.0371622371468987
11.9500000000000	0.0456033817904617
11.9600000000000	0.0539456452118950
11.9700000000000	0.0621750940079683
11.9800000000000	0.0702780218180601
11.9900000000000	0.0782409720534598
12	0.0860507601445282
12.0100000000000	0.0936944952691144
12.0200000000000	0.101159601526594
12.0300000000000	0.108433838522937
12.0400000000000	0.115505321333287
12.0500000000000	0.122362539809696
12.0600000000000	0.128994377202836
12.0700000000000	0.135390128067768
12.0800000000000	0.141539515425126
12.0900000000000	0.147432707150436
12.1000000000000	0.153060331565644
12.1100000000000	0.158413492208366
12.1200000000000	0.163483781755835
12.1300000000000	0.168263295081999
12.1400000000000	0.172744641427769
12.1500000000000	0.176920955665967
12.1600000000000	0.180785908644110
12.1700000000000	0.184333716589781
12.1800000000000	0.187559149564954
12.1900000000000	0.190457538957325
12.2000000000000	0.193024783998327
12.2100000000000	0.195257357299223
12.2200000000000	0.197152309398339
12.2300000000000	0.198707272314212
12.2400000000000	0.199920462101120
12.2500000000000	0.200790680405181
12.2600000000000	0.201317315020894
12.2700000000000	0.201500339449707
12.2800000000000	0.201340311463885
12.2900000000000	0.200838370680640
12.3000000000000	0.199996235153146
12.3100000000000	0.198816196986715
12.3200000000000	0.197301116990072
12.3300000000000	0.195454418373239
12.3400000000000	0.193280079505170
12.3500000000000	0.190782625745826
12.3600000000000	0.187967120368908
12.3700000000000	0.184839154592996
12.3800000000000	0.181404836740284
12.3900000000000	0.177670780543557
12.4000000000000	0.173644092623445
12.4100000000000	0.169332359159331
12.4200000000000	0.164743631778642
12.4300000000000	0.159886412690450
12.4400000000000	0.154769639090614
12.4500000000000	0.149402666866781
12.4600000000000	0.143795253632751
12.4700000000000	0.137957541122721
12.4800000000000	0.131900036976986
12.4900000000000	0.125633595951581
12.5000000000000	0.119169400585280
12.5100000000000	0.112518941358198
12.5200000000000	0.105693996376997
12.5300000000000	0.0987066106224601
12.5400000000000	0.0915690747957933
12.5500000000000	0.0842939038006630
12.5600000000000	0.0768938148984542
12.5700000000000	0.0693817055747272
12.5800000000000	0.0617706311552315
12.5900000000000	0.0540737822101663
12.6000000000000	0.0463044617856418
12.6100000000000	0.0384760625014884
12.6200000000000	0.0306020435546904
12.6300000000000	0.0226959076677812
12.6400000000000	0.0147711780215307
12.6500000000000	0.00684137521118539
12.6600000000000	-0.00108000573462160
12.6700000000000	-0.00897951823337557
12.6800000000000	-0.0168437868879580
12.6900000000000	-0.0246595300473903
12.7000000000000	-0.0324135821511378
12.7100000000000	-0.0400929158195314
12.7200000000000	-0.0476846636533907
12.7300000000000	-0.0551761397065208
12.7400000000000	-0.0625548605954031
12.7500000000000	-0.0698085662111052
12.7600000000000	-0.0769252399992044
12.7700000000000	-0.0838931287743345
12.7800000000000	-0.0907007620368467
12.7900000000000	-0.0973369707599997
12.8000000000000	-0.103790905617077
12.8100000000000	-0.110052054618861
12.8200000000000	-0.116110260132957
12.8300000000000	-0.121955735257613
12.8400000000000	-0.127579079523811
12.8500000000000	-0.132971293900640
12.8600000000000	-0.138123795080202
12.8700000000000	-0.143028429019581
12.8800000000000	-0.147677483718736
12.8900000000000	-0.152063701214517
12.9000000000000	-0.156180288772405
12.9100000000000	-0.160020929258962
12.9200000000000	-0.163579790679448
12.9300000000000	-0.166851534866478
12.9400000000000	-0.169831325307110
12.9500000000000	-0.172514834097232
12.9600000000000	-0.174898248013618
12.9700000000000	-0.176978273695588
12.9800000000000	-0.178752141929681
12.9900000000000	-0.180217611032348
13	-0.181372969327194
13.0100000000000	-0.182217036714825
13.0200000000000	-0.182749165334960
13.0300000000000	-0.182969239321941
13.0400000000000	-0.182877673656383
13.0500000000000	-0.182475412117172
13.0600000000000	-0.181763924339600
13.0700000000000	-0.180745201986865
13.0800000000000	-0.179421754043714
13.0900000000000	-0.177796601242439
13.1000000000000	-0.175873269632901
13.1100000000000	-0.173655783309671
13.1200000000000	-0.171148656310799
13.1300000000000	-0.168356883704064
13.1400000000000	-0.165285931877926
13.1500000000000	-0.161941728055697
13.1600000000000	-0.158330649052714
13.1700000000000	-0.154459509297555
13.1800000000000	-0.150335548139523
13.1900000000000	-0.145966416465776
13.2000000000000	-0.141360162652606
13.2100000000000	-0.136525217876441
13.2200000000000	-0.131470380811161
13.2300000000000	-0.126204801739284
13.2400000000000	-0.120737966105549
13.2500000000000	-0.115079677542233
13.2600000000000	-0.109240040396420
13.2700000000000	-0.103229441790188
13.2800000000000	-0.0970585332453858
13.2900000000000	-0.0907382119053467
13.3000000000000	-0.0842796013864920
13.3100000000000	-0.0776940322933056
13.3200000000000	-0.0709930224306662
13.3300000000000	-0.0641882567479427
13.3400000000000	-0.0572915670496307
13.3500000000000	-0.0503149115076163
13.3600000000000	-0.0432703540104019
13.3700000000000	-0.0361700433848166
13.3800000000000	-0.0290261925258611
13.3900000000000	-0.0218510574704019
13.4000000000000	-0.0146569164504365
13.4100000000000	-0.00745604896159450
13.4200000000000	-0.000260714882423147
13.4300000000000	0.00691686632016912
13.4400000000000	0.0140645362641747
13.4500000000000	0.0211702181696126
13.4600000000000	0.0282219371850292
13.4700000000000	0.0352078404892981
13.4800000000000	0.0421162171351091
13.4900000000000	0.0489355176010631
13.5000000000000	0.0556543730198661
13.5100000000000	0.0622616140507510
13.5200000000000	0.0687462893649392
13.5300000000000	0.0750976837136926
13.5400000000000	0.0813053355492912
13.5500000000000	0.0873590541701093
13.5600000000000	0.0932489363618421
13.5700000000000	0.0989653825078660
13.5800000000000	0.104499112142681
13.5900000000000	0.109841178923404
13.6000000000000	0.114982984995325
13.6100000000000	0.119916294728640
13.6200000000000	0.124633247804592
13.6300000000000	0.129126371630413
13.6400000000000	0.133388593063673
13.6500000000000	0.137413249427818
13.6600000000000	0.141194098802001
13.6700000000000	0.144725329569505
13.6800000000000	0.148001569210433
13.6900000000000	0.151017892325607
13.7000000000000	0.153769827879985
13.7100000000000	0.156253365655252
13.7200000000000	0.158464961902616
13.7300000000000	0.160401544188224
13.7400000000000	0.162060515424990
13.7500000000000	0.163439757086056
13.7600000000000	0.164537631596470
13.7700000000000	0.165352983901115
13.7800000000000	0.165885142208286
13.7900000000000	0.166133917909757
13.8000000000000	0.166099604679533
13.8100000000000	0.165782976754912
13.8200000000000	0.165185286404850
13.8300000000000	0.164308260591972
13.8400000000000	0.163154096835960
13.8500000000000	0.161725458287359
13.8600000000000	0.160025468022183
13.8700000000000	0.158057702568985
13.8800000000000	0.155826184681336
13.8900000000000	0.153335375369920
13.9000000000000	0.150590165209649
13.9100000000000	0.147595864938423
13.9200000000000	0.144358195365310
13.9300000000000	0.140883276607035
13.9400000000000	0.137177616672803
13.9500000000000	0.133248099418487
13.9600000000000	0.129101971892269
13.9700000000000	0.124746831094785
13.9800000000000	0.120190610177771
13.9900000000000	0.115441564106077
14	0.110508254808807
14.0100000000000	0.105399535846105
14.0200000000000	0.100124536618891
14.0300000000000	0.0946926461495425
14.0400000000000	0.0891134964621876
14.0500000000000	0.0833969455918804
14.0600000000000	0.0775530602524769
14.0700000000000	0.0715920981935505
14.0800000000000	0.0655244902771263
14.0900000000000	0.0593608223054163
14.1000000000000	0.0531118166310820
14.1100000000000	0.0467883135818405
14.1200000000000	0.0404012527314647
14.1300000000000	0.0339616540494097
14.1400000000000	0.0274805989614213
14.1500000000000	0.0209692113535522
14.1600000000000	0.0144386385520263
14.1700000000000	0.00790003231134940
14.1800000000000	0.00136452984297056
14.1900000000000	-0.00515676508335516
14.2000000000000	-0.0116528009335537
14.2100000000000	-0.0181125970668806
14.2200000000000	-0.0245252622258543
14.2300000000000	-0.0308800128274616
14.2400000000000	-0.0371661910250397
14.2500000000000	-0.0433732825107053
14.2600000000000	-0.0494909340287204
14.2700000000000	-0.0555089705707488
14.2800000000000	-0.0614174122245720
14.2900000000000	-0.0672064906484973
14.3000000000000	-0.0728666651443914
14.3100000000000	-0.0783886383030303
14.3200000000000	-0.0837633711962454
14.3300000000000	-0.0889820980911826
14.3400000000000	-0.0940363406628658
14.3500000000000	-0.0989179216821698
14.3600000000000	-0.103618978157257
14.3700000000000	-0.108131973907515
14.3800000000000	-0.112449711550056
14.3900000000000	-0.116565343879885
14.4000000000000	-0.120472384625906
14.4100000000000	-0.124164718566090
14.4200000000000	-0.127636610986188
14.4300000000000	-0.130882716467602
14.4400000000000	-0.133898086991146
14.4500000000000	-0.136678179344659
14.4600000000000	-0.139218861823640
14.4700000000000	-0.141516420215288
14.4800000000000	-0.143567563057598
14.4900000000000	-0.145369426166393
14.5000000000000	-0.146919576424463
14.5100000000000	-0.148216014828212
14.5200000000000	-0.149257178788532
14.5300000000000	-0.150041943683868
14.5400000000000	-0.150569623664721
14.5500000000000	-0.150839971710126
14.5600000000000	-0.150853178937888
14.5700000000000	-0.150609873171645
14.5800000000000	-0.150111116769070
14.5900000000000	-0.149358403716771
14.6000000000000	-0.148353655998689
14.6100000000000	-0.147099219245996
14.6200000000000	-0.145597857677716
14.6300000000000	-0.143852748342461
14.6400000000000	-0.141867474672834
14.6500000000000	-0.139646019365205
14.6600000000000	-0.137192756598666
14.6700000000000	-0.134512443608065
14.6800000000000	-0.131610211627087
14.6900000000000	-0.128491556218365
14.7000000000000	-0.125162327008610
14.7100000000000	-0.121628716847738
14.7200000000000	-0.117897250411847
14.7300000000000	-0.113974772270860
14.7400000000000	-0.109868434442459
14.7500000000000	-0.105585683454771
14.7600000000000	-0.101134246941049
14.7700000000000	-0.0965221197903150
14.7800000000000	-0.0917575498786490
14.7900000000000	-0.0868490234064254
14.8000000000000	-0.0818052498674386
14.8100000000000	-0.0766351466763948
14.8200000000000	-0.0713478234817749
14.8300000000000	-0.0659525661915330
14.8400000000000	-0.0604588207395162
14.8500000000000	-0.0548761766208638
14.8600000000000	-0.0492143502249596
14.8700000000000	-0.0434831679947904
14.8800000000000	-0.0376925494417782
14.8900000000000	-0.0318524900453326
14.9000000000000	-0.0259730440664882
14.9100000000000	-0.0200643073050627
14.9200000000000	-0.0141363998297978
14.9300000000000	-0.00819944871091053
14.9400000000000	-0.00226357078440831
14.9500000000000	0.00366114452260856
14.9600000000000	0.00956465227661159
14.9700000000000	0.0154369690034558
14.9800000000000	0.0212681895067941
14.9900000000000	0.0270485035108728
15	0.0327682120998552